[0m                            [0m
                 [38;2;86;121;44m▄[38;2;117;162;58m▄[38;2;96;127;60m▄[38;2;112;151;61m▄[38;2;36;46;24m▄[0m      [0m
            [38;2;101;139;48m▄[38;2;146;200;77m▄[38;2;162;221;96m▄[38;2;172;232;101;48;2;82;112;48m▄[38;2;162;221;87;48;2;137;188;79m▄[38;2;157;213;85;48;2;145;198;80m▄[38;2;135;184;71;48;2;126;172;69m▌[38;2;162;220;91;48;2;118;159;66m▄[38;2;151;206;74;48;2;143;197;70m▌[38;2;117;160;63;48;2;70;91;48m▌[0m[38;2;78;108;45m▄[0m     [0m
    [38;2;44;74;75m▄[0m     [38;2;90;123;55m▄[38;2;148;204;74;48;2;120;162;63m▄[38;2;150;206;71;48;2;149;204;71m▌[38;2;130;180;69;48;2;147;201;72m▄[38;2;111;161;84;48;2;135;186;72m▄[38;2;99;151;89;48;2;124;168;70m▄[38;2;131;183;84;48;2;166;226;98m▌[38;2;176;238;103;48;2;179;242;108m▄[38;2;168;228;93;48;2;175;236;103m▄[38;2;167;227;93;48;2;179;242;107m▄[38;2;169;229;95;48;2;150;206;78m▌[38;2;121;165;66;48;2;93;122;64m▌[38;2;108;149;64;48;2;86;114;56m▄[0m[38;2;50;64;36m▌[0m    [0m
   [38;2;49;75;79;48;2;99;163;155m▌[38;2;125;228;189;48;2;119;215;181m▄[38;2;116;220;179;48;2;69;135;117m▄[0m[38;2;111;201;172m▄[38;2;101;194;163;48;2;56;100;92m▄[38;2;94;176;155;48;2;53;111;102m▄[38;2;94;177;155;48;2;49;107;97m▄[38;2;94;201;158;48;2;68;129;112m▄[38;2;86;186;147;48;2;117;176;116m▄[38;2;78;164;135;48;2;130;183;82m▄[38;2;109;215;172;48;2;88;148;114m▄[38;2;101;209;164;48;2;103;191;155m▄[38;2;95;190;156;48;2;92;164;150m▌[38;2;84;128;132;48;2;64;96;72m▌[38;2;128;177;69;48;2;156;214;79m▌[38;2;151;207;72;48;2;165;224;89m▄[48;2;166;226;92m▄[38;2;152;208;75;48;2;132;183;67m▌[38;2;112;154;64;48;2;99;134;64m▌[38;2;108;149;64;48;2;115;160;64m▄[38;2;116;163;62;48;2;79;109;44m▄[0m[38;2;41;57;23m▌[0m   [0m
   [38;2;66;119;106;48;2;110;200;171m▌[38;2;125;227;188;48;2;127;231;191m▌[38;2;127;231;191;48;2;124;223;187m▌[38;2;99;155;156;48;2;123;220;185m▄[38;2;114;198;175;48;2;120;217;183m▌[38;2;99;208;163;48;2;98;163;156m▄[38;2;95;194;157;48;2;95;177;155m▄[38;2;107;211;170;48;2;95;204;158m▄[38;2;101;210;165;48;2;96;199;159m▌[38;2;83;174;143;48;2;95;207;159m▄[38;2;93;185;155;48;2;95;204;158m▄[38;2;95;144;151;48;2;95;171;154m▄[38;2;95;143;151;48;2;95;144;151m▄[38;2;83;127;134;48;2;50;76;64m▌[38;2;88;126;55;48;2;133;183;64m▄[38;2;120;168;63;48;2;146;201;70m▄[38;2;120;168;64;48;2;144;198;70m▄[38;2;119;167;64;48;2;124;174;65m▄[48;2;114;160;64m▌[38;2;95;126;64;48;2;106;145;64m▌[38;2;119;167;64;48;2;118;166;63m▄[38;2;114;161;61;48;2;90;125;51m▌[0m[38;2;38;49;27m▌[0m  [0m
  [7m[38;2;82;121;126m▌[0m[38;2;202;208;208;48;2;116;197;169m▄[38;2;112;133;117;48;2;111;194;170m▄[38;2;118;219;181;48;2;126;228;189m▌[38;2;127;231;191;48;2;120;212;182m▄[38;2;123;223;186;48;2;119;224;183m▌[38;2;106;214;169;48;2;100;202;163m▄[38;2;120;223;183;48;2;110;194;170m▄[38;2;94;136;126;48;2;119;213;181m▄[38;2;118;127;122;48;2;174;179;178m▌[38;2;227;228;228;48;2;170;180;180m▄[38;2;158;164;166;48;2;95;143;139m▄[38;2;78;122;130;48;2;94;141;149m▌[38;2;95;143;151;48;2;95;143;151m▄[38;2;93;141;149;48;2;87;133;141m▌[38;2;57;84;89;48;2;45;66;58m▄[38;2;79;119;119;48;2;89;126;58m▄[38;2;91;129;63;48;2;117;165;63m▄[38;2;108;149;63;48;2;119;167;64m▄[38;2;97;130;64;48;2;115;161;64m▄[38;2;100;135;64;48;2;102;137;64m▌[38;2;90;115;64;48;2;115;161;64m▄[38;2;95;125;64;48;2;67;88;47m▌[0m[38;2;15;17;12m▌[0m  [0m
  [38;2;66;116;112;48;2;115;200;172m▌[38;2;143;188;171;48;2;217;218;213m▄[38;2;213;132;122;48;2;142;143;141m▌[38;2;103;185;163;48;2;111;216;175m▌[38;2;97;200;160;48;2;119;225;183m▄[38;2;94;205;158;48;2;99;210;163m▄[38;2;88;192;150;48;2;98;209;161m▄[38;2;99;202;162;48;2;103;175;158m▌[38;2;199;211;200;48;2;187;179;175m▄[38;2;170;149;134;48;2;164;76;72m▄[38;2;171;189;184;48;2;221;230;226m▌[38;2;190;196;196;48;2;126;146;149m▌[38;2;78;122;130;48;2;94;141;149m▌[38;2;95;143;151;48;2;95;143;151m▄[48;2;92;139;147m▌[38;2;64;108;116;48;2;58;88;93m▄[38;2;93;140;148;48;2;94;142;150m▌[38;2;79;124;131;48;2;58;100;105m▌[38;2;42;89;94;48;2;71;102;80m▄[38;2;43;73;67;48;2;85;108;63m▄[38;2;72;92;55;48;2;87;110;63m▄[38;2;46;58;34;48;2;85;107;61m▄[0m[7m[38;2;43;55;32m▄[0m   [0m
  [7m[38;2;90;167;146m▄[0m[38;2;99;143;136;48;2;110;216;173m▄[38;2;190;180;166;48;2;111;213;169m▄[38;2;167;88;72;48;2;99;201;156m▄[38;2;122;152;134;48;2;95;190;156m▄[38;2;116;183;142;48;2;94;205;157m▄[38;2;131;135;124;48;2;84;179;143m▄[38;2;171;81;64;48;2;99;203;156m▄[38;2;180;112;98;48;2;100;204;157m▄[38;2;170;170;164;48;2;99;206;160m▄[38;2;89;105;99;48;2;93;201;157m▄[38;2;60;112;111;48;2;93;168;152m▄[38;2;80;127;134;48;2;82;128;136m▌[38;2;92;139;147;48;2;95;143;151m▌[38;2;91;139;147;48;2;82;128;136m▌[38;2;92;140;148;48;2;79;125;133m▄[38;2;90;138;146;48;2;94;142;150m▄[38;2;89;136;144;48;2;57;104;112m▄[38;2;83;130;138;48;2;43;90;97m▄[38;2;92;140;148;48;2;63;108;116m▄[38;2;80;125;133;48;2;34;62;67m▄[0m[38;2;24;42;45m▌[0m    [0m
    [38;2;49;86;70;48;2;101;140;118m▌[38;2;111;174;144;48;2;172;78;60m▄[38;2;134;148;116;48;2;182;46;37m▄[38;2;187;87;71;48;2;183;47;37m▄[38;2;201;98;81;48;2;196;57;50m▄[38;2;202;98;81;48;2;199;56;48m▄[38;2;176;97;85;48;2;196;56;48m▄[38;2;118;123;129;48;2;183;47;41m▄[38;2;88;123;131;48;2;139;68;69m▄[38;2;76;113;121;48;2;84;131;139m▌[38;2;93;143;149;48;2;94;151;151m▌[38;2;95;189;156;48;2;95;143;151m▄[38;2;94;160;152;48;2;92;143;148m▌[38;2;92;139;147;48;2;82;127;134m▌[38;2;65;104;110;48;2;73;117;124m▌[38;2;58;104;111;48;2;78;124;132m▄[38;2;82;128;136;48;2;79;126;134m▌[38;2;46;93;100m▄[38;2;61;107;115;48;2;82;129;136m▌[38;2;87;131;138;48;2;55;81;86m▄[0m[38;2;32;59;63m▄[0m   [0m
    [38;2;58;113;111;48;2;88;160;144m▄[38;2;87;182;148;48;2;92;188;154m▌[38;2;91;182;152;48;2;77;159;132m▄[38;2;61;107;115;48;2;82;161;132m▄[38;2;75;121;129;48;2;83;162;132m▄[38;2;81;127;135m▄[38;2;82;129;137;48;2;80;155;132m▄[38;2;88;135;143;48;2;74;121;128m▄[38;2;95;143;151;48;2;72;118;126m▄[38;2;91;138;146;48;2;65;111;118m▌[38;2;65;141;122;48;2;93;199;156m▌[38;2;95;206;158;48;2;95;199;158m▄[38;2;88;191;150;48;2;68;131;125m▄[38;2;85;142;141;48;2;55;102;109m▄[38;2;87;132;139;48;2;47;70;74m▌[38;2;68;104;109;48;2;92;140;148m▌[38;2;94;142;150;48;2;85;132;140m▄[38;2;95;143;151;48;2;68;115;122m▄[48;2;91;139;147m▄[38;2;94;142;150;48;2;89;135;143m▌[38;2;50;75;79;48;2;8;9;10m▌[0m   [0m
   [38;2;56;82;86;48;2;93;151;146m▌[38;2;100;190;158;48;2;76;146;133m▄[38;2;97;166;153;48;2;94;190;156m▄[38;2;82;125;130;48;2;95;152;152m▄[38;2;24;36;38;48;2;61;102;109m▄[0m[7m[38;2;32;64;70m▄[38;2;58;98;104m▄[38;2;79;125;133m▄[0m[38;2;21;42;45;48;2;77;116;123m▄[38;2;31;66;72;48;2;77;116;122m▄[48;2;64;102;108m▄[38;2;30;64;67;48;2;68;120;119m▄[38;2;74;141;125;48;2;93;200;156m▄[38;2;100;157;154;48;2;95;195;157m▄[38;2;103;147;154;48;2;95;151;152m▄[38;2;90;134;141;48;2;55;82;87m▌[38;2;39;70;75;48;2;49;97;96m▌[38;2;70;143;126;48;2;85;132;140m▄[38;2;82;156;139;48;2;95;143;151m▄[38;2;71;136;125;48;2;91;138;146m▄[38;2;68;128;118;48;2;32;60;60m▌[0m[7m[38;2;12;21;22m▄[0m   [0m
   [7m[38;2;161;174;176m▄[38;2;131;150;149m▄[38;2;93;102;104m▄[38;2;18;26;27m▄[0m     [7m[38;2;14;24;26m▄▄[0m [7m[38;2;79;85;86m▄[38;2;130;143;146m▄[38;2;158;167;170m▄[38;2;129;142;144m▄[0m [7m[38;2;33;73;73m▄[38;2;27;56;52m▄[38;2;19;37;32m▄[0m     [0m
                            [0m
