[0m                            [0m
                            [0m
                            [0m
       [38;2;91;121;38m▄[38;2;109;148;46m▄[38;2;82;109;37m▄[38;2;71;92;38m▄[0m [38;2;34;90;90m▄[38;2;114;216;184;48;2;80;160;140m▄[0m[38;2;109;204;173m▄[38;2;62;131;118m▄[38;2;97;189;163m▄[38;2;114;217;184m▄[38;2;111;212;181m▄[38;2;76;162;139m▄[38;2;72;171;158;48;2;53;121;107m▄[38;2;66;161;152;48;2;54;140;139m▌[0m[38;2;38;102;102m▌[0m     [0m
      [38;2;106;157;45;48;2;96;124;42m▄[38;2;73;103;33;48;2;105;154;46m▌[38;2;115;172;49;48;2;122;164;51m▄[38;2;104;150;45;48;2;100;135;43m▌[38;2;153;203;74;48;2;176;238;102m▄[38;2;184;248;110;48;2;71;96;42m▄[38;2;178;240;105;48;2;55;108;93m▄[38;2;157;218;106;48;2;97;189;164m▄[38;2;146;201;101;48;2;102;202;176m▄[38;2;118;184;108;48;2;67;159;153m▄[38;2;106;186;143;48;2;108;211;181m▄[38;2;82;177;162;48;2;130;237;196m▄[38;2;60;151;149;48;2;105;210;180m▄[38;2;57;147;147;48;2;71;170;158m▄[48;2;57;147;147m▄▄[48;2;55;144;144m▄[38;2;41;108;108;48;2;17;45;45m▄[0m    [0m
     [38;2;85;122;37m▄[38;2;114;171;49;48;2;110;165;47m▄[38;2;91;129;41;48;2;107;157;46m▌[38;2;114;171;49;48;2;114;171;49m▄▄[48;2;108;157;47m▄[38;2;111;164;48;48;2;154;212;86m▄[38;2;120;168;60;48;2;185;249;112m▄[38;2;147;197;80;48;2;188;254;114m▄[38;2;172;230;94m▄[38;2;166;227;92m▄[38;2;153;209;74;48;2;181;245;109m▄[38;2;150;206;72;48;2;133;193;102m▄[38;2;96;144;66;48;2;59;142;136m▄[38;2;59;140;136;48;2;57;147;147m▄[38;2;57;147;147m▄▄▄[48;2;54;114;114m▌[38;2;189;183;183;48;2;116;49;45m▌[0m   [0m
   [38;2;62;78;27m▄[38;2;159;208;63;48;2;83;106;34m▄[38;2;141;192;57;48;2;114;171;49m▌[38;2;110;162;47m▄[38;2;99;138;45;48;2;111;164;48m▌[38;2;114;171;49;48;2;114;171;49m▄▄▄▄[48;2;114;170;49m▄[48;2;113;169;48m▄[48;2;108;155;47m▄[38;2;112;168;48;48;2;105;151;46m▄[38;2;99;145;43;48;2;114;170;48m▄[38;2;114;171;49;48;2;114;171;49m▄[48;2;112;167;48m▄[38;2;92;141;52;48;2;60;116;90m▌[38;2;56;142;142;48;2;57;147;147m▄[38;2;57;147;147m▄▄[48;2;57;144;144m▌[38;2;63;155;149;48;2;146;143;142m▄[0m[38;2;55;72;63m▌[0m  [0m
  [7m[38;2;34;44;17m▌[0m[38;2;111;147;47;48;2;150;199;60m▌[38;2;118;174;50;48;2;147;198;59m▄[38;2;111;165;48;48;2;114;171;49m▄[38;2;100;142;45;48;2;105;152;46m▌[38;2;114;171;49;48;2;112;168;48m▄[48;2;114;171;49m▄▄▄▄▄▄▄▄[38;2;113;169;48;48;2;101;146;44m▌[38;2;96;141;43;48;2;112;169;48m▌[38;2;114;171;49;48;2;114;171;49m▄[38;2;113;170;48;48;2;66;107;45m▌[38;2;52;135;135;48;2;57;147;147m▌[38;2;57;147;147m▄▄[38;2;56;146;146;48;2;55;142;142m▌[38;2;26;62;62;48;2;85;129;128m▄[0m[7m[38;2;16;42;40m▄[0m  [0m
  [7m[38;2;63;92;29m▌[0m[38;2;114;171;49;48;2;114;171;49m▄▄[48;2;79;116;36m▌[38;2;100;149;43;48;2;113;170;48m▌[38;2;114;171;49;48;2;114;171;49m▄▄▄▄▄▄▄▄▄[38;2;112;168;48m▄[38;2;67;98;31;48;2;110;165;47m▌[38;2;103;152;47;48;2;114;171;49m▄[38;2;78;127;66;48;2;51;129;128m▌[38;2;57;147;147;48;2;56;146;146m▄[48;2;57;147;147m▄[38;2;54;141;141;48;2;45;119;119m▌[0m[38;2;22;54;54m▌[0m    [0m
   [38;2;42;58;20;48;2;101;152;43m▄[38;2;105;158;45;48;2;114;171;49m▄[38;2;113;170;48;48;2;107;159;46m▌[38;2;83;120;37;48;2;95;137;42m▄[38;2;111;165;48;48;2;114;171;49m▄[38;2;114;171;49m▄▄▄▄▄▄[38;2;113;170;48m▄[38;2;103;154;45m▄[38;2;54;81;35;48;2;92;135;41m▄[38;2;36;75;61;48;2;99;147;46m▄[38;2;53;113;87;48;2;50;127;125m▌[38;2;56;146;146;48;2;56;146;146m▄[38;2;57;147;147;48;2;57;147;147m▄▄[38;2;68;165;155;48;2;56;145;145m▄[38;2;71;162;140;48;2;21;51;50m▄[0m    [0m
    [7m[38;2;23;31;12m▄[38;2;75;108;34m▄[38;2;105;155;45m▄[0m[38;2;54;67;26;48;2;82;118;37m▄[38;2;40;49;22;48;2;102;153;44m▄[38;2;47;65;24;48;2;114;171;49m▄[38;2;67;99;30m▄[38;2;69;98;35m▄[38;2;48;99;76m▄[38;2;52;104;86;48;2;108;160;47m▄[38;2;46;120;120;48;2;84;134;56m▄[38;2;45;100;88;48;2;24;67;64m▌[38;2;19;62;62;48;2;22;70;70m▄[38;2;22;69;69;48;2;28;82;82m▌[38;2;44;116;116;48;2;29;86;86m▄[38;2;49;128;128;48;2;43;114;114m▌[38;2;33;85;85;48;2;56;146;146m▄[38;2;48;126;126;48;2;57;147;147m▄[48;2;59;151;149m▄[38;2;65;153;139;48;2;87;192;165m▄[0m[38;2;33;84;76m▌[0m   [0m
                            [0m
                            [0m
                            [0m
