[0m                            [0m
      [38;2;207;128;75m▄[38;2;241;163;84;48;2;97;45;22m▄[38;2;247;147;66;48;2;144;72;29m▄[38;2;242;139;62;48;2;126;62;25m▄[0m[38;2;194;109;48m▄[0m                 [0m
     [38;2;188;100;50;48;2;240;152;74m▌[38;2;247;151;69;48;2;246;189;94m▄[38;2;245;145;66;48;2;247;179;87m▄[38;2;217;88;66;48;2;242;137;67m▄[38;2;192;119;96;48;2;243;135;64m▄[38;2;196;110;52;48;2;246;142;63m▄[38;2;240;138;61;48;2;194;108;48m▌[0m[38;2;96;52;23m▌[0m               [0m
    [7m[38;2;124;132;118m▌[0m[38;2;205;114;96;48;2;236;124;66m▌[38;2;247;143;64;48;2;247;143;64m▄[48;2;246;142;64m▄[38;2;241;134;63;48;2;189;94;43m▌[38;2;92;116;89;48;2;194;183;179m▄[38;2;84;95;68;48;2;159;80;38m▌[38;2;233;132;58;48;2;246;142;63m▌[38;2;211;106;57;48;2;124;44;36m▌[0m     [38;2;121;56;0m▄[38;2;144;84;2m▄[0m        [0m
    [38;2;107;58;25;48;2;197;142;72m▌[38;2;235;163;83;48;2;245;153;72m▌[38;2;240;138;61;48;2;247;143;64m▄[38;2;246;142;63m▄[38;2;246;142;64;48;2;236;126;64m▌[38;2;235;133;60;48;2;178;157;140m▄[38;2;229;131;58;48;2;187;127;85m▄[38;2;205;88;58;48;2;241;133;64m▄[38;2;218;85;69;48;2;163;55;53m▌[0m[38;2;23;12;12m▌[0m     [7m[38;2;216;99;0m▌[0m[38;2;241;131;3;48;2;154;97;3m▄[38;2;246;158;6;48;2;211;124;4m▄[0m[38;2;177;96;2m▄[0m     [0m
    [7m[38;2;111;53;32m▌[0m[38;2;87;33;21;48;2;210;87;65m▄[38;2;55;22;18;48;2;203;87;59m▄[38;2;124;49;28;48;2;225;106;65m▄[38;2;167;59;51;48;2;200;94;52m▄[38;2;194;84;73;48;2;194;137;127m▄[38;2;190;68;56;48;2;176;67;56m▄[38;2;209;70;68;48;2;214;71;71m▌[38;2;168;58;54;48;2;72;28;20m▌[0m [38;2;102;50;21m▄[38;2;202;102;67m▄[38;2;166;105;50m▄[0m  [38;2;219;94;0m▄[38;2;241;125;3;48;2;229;94;0m▄[38;2;239;97;0;48;2;243;132;3m▄[38;2;240;105;0;48;2;245;149;5m▄[38;2;223;101;0;48;2;143;58;0m▌[0m    [0m
   [7m[38;2;131;69;40m▌[0m[38;2;208;137;65;48;2;227;137;81m▄[38;2;243;143;64;48;2;188;118;64m▄[38;2;237;134;62;48;2;167;69;50m▄[38;2;175;94;52;48;2;210;159;82m▌[38;2;237;190;96;48;2;199;146;76m▄[38;2;234;182;94;48;2;204;105;68m▄[38;2;218;103;76;48;2;209;71;68m▄[38;2;215;72;72;48;2;215;72;72m▄[48;2;212;71;70m▄[38;2;214;85;66;48;2;228;117;62m▌[38;2;235;132;61;48;2;241;138;62m▌[38;2;207;99;60;48;2;241;136;67m▄[0m[7m[38;2;157;84;39m▄[0m  [38;2;143;64;0;48;2;231;117;2m▌[38;2;243;139;4;48;2;246;152;6m▄[38;2;243;140;8;48;2;241;124;7m▌[38;2;243;139;7;48;2;241;115;1m▄[38;2;227;113;2;48;2;144;60;0m▌[0m    [0m
     [7m[38;2;131;66;27m▄[0m[38;2;154;77;35;48;2;191;131;69m▌[38;2;245;217;140;48;2;244;201;101m▄[38;2;247;210;114;48;2;247;207;103m▄[38;2;247;207;103;48;2;246;205;102m▄[38;2;240;187;96;48;2;220;121;80m▌[38;2;215;81;73;48;2;215;72;72m▄[38;2;215;72;72;48;2;202;67;67m▌[38;2;161;54;54;48;2;96;36;35m▌[0m[7m[38;2;114;45;37m▄[0m     [7m[38;2;191;100;42m▌[0m[38;2;218;98;67;48;2;217;81;71m▌[0m[7m[38;2;233;92;26m▄[38;2;182;72;0m▄[0m    [0m
     [7m[38;2;80;32;19m▌[0m[38;2;183;144;95;48;2;243;215;143m▌[38;2;247;222;150;48;2;246;222;150m▄[38;2;247;219;140;48;2;247;221;146m▄[38;2;247;214;125;48;2;247;207;103m▌[38;2;246;205;102;48;2;240;190;97m▌[38;2;220;105;77;48;2;215;72;71m▌[38;2;215;73;71;48;2;215;72;72m▄[38;2;207;69;69;48;2;127;44;44m▄[0m[38;2;96;33;33m▄[0m   [38;2;118;51;32m▄[38;2;226;149;70m▄[38;2;226;168;82;48;2;224;165;81m▌[0m[7m[38;2;181;106;65m▄[0m      [0m
    [38;2;219;106;62;48;2;122;51;37m▄[38;2;239;137;61;48;2;191;104;49m▄[38;2;206;137;64;48;2;209;181;115m▄[38;2;244;206;109;48;2;247;216;133m▄[38;2;247;209;110;48;2;247;215;130m▄[38;2;247;210;113;48;2;246;206;102m▌[38;2;236;190;96;48;2;204;126;69m▌[38;2;240;137;62;48;2;214;116;58m▄[38;2;247;143;64;48;2;238;127;65m▄[38;2;244;139;64;48;2;223;93;69m▄[38;2;217;78;70;48;2;177;61;58m▄[38;2;176;65;49;48;2;129;51;27m▄[38;2;214;71;71;48;2;150;56;38m▄[38;2;198;69;65;48;2;216;90;66m▌[38;2;221;101;69;48;2;241;134;64m▄[38;2;141;69;41;48;2;244;142;63m▄[0m[7m[38;2;170;94;41m▄[0m       [0m
    [7m[38;2;184;85;46m▄[0m[38;2;193;72;58;48;2;239;129;65m▄[38;2;214;71;71;48;2;201;91;59m▄[38;2;178;73;60;48;2;213;156;80m▄[38;2;186;131;70;48;2;234;187;95m▄[38;2;218;161;84;48;2;233;184;94m▄[38;2;204;153;80;48;2;128;80;46m▌[38;2;200;76;63;48;2;226;117;63m▄[38;2;218;80;70;48;2;243;136;64m▄[38;2;215;72;71;48;2;230;108;68m▄[38;2;216;75;71;48;2;213;71;71m▌[38;2;135;46;45;48;2;133;69;48m▌[38;2;173;121;66;48;2;215;82;72m▄[38;2;93;55;27;48;2;215;120;77m▄[0m[7m[38;2;133;91;51m▄[0m         [0m
    [38;2;188;126;116m▄[38;2;220;161;132;48;2;199;79;60m▄[38;2;209;85;64;48;2;212;71;70m▌[38;2;169;57;56;48;2;213;71;71m▄[0m[7m[38;2;143;49;45m▄[38;2;81;58;33m▄[38;2;86;65;36m▄[38;2;122;48;39m▄[0m[38;2;193;103;60;48;2;206;69;67m▄[38;2;230;116;77;48;2;214;71;71m▄[38;2;223;102;77;48;2;186;62;62m▄[0m[38;2;146;55;47m▄[0m            [0m
    [7m[38;2;70;42;32m▄[38;2;38;35;34m▄[38;2;49;20;15m▄[0m     [7m[38;2;167;139;132m▄[38;2;161;135;127m▄[38;2;156;126;119m▄[38;2;105;70;63m▄[0m            [0m
                            [0m
