[0m                            [0m
                            [0m
                [38;2;184;92;46m▄[38;2;250;141;63;48;2;124;50;31m▄[38;2;254;147;64;48;2;220;107;56m▄[38;2;253;146;64;48;2;248;138;63m▄[38;2;237;115;60;48;2;239;135;58m▄[38;2;233;107;59;48;2;172;89;33m▄[0m[38;2;213;110;50m▄[0m     [0m
               [7m[38;2;205;93;52m▌[0m[38;2;250;141;63;48;2;254;147;65m▌[38;2;253;146;64m▄[38;2;247;134;63m▄[38;2;229;98;58;48;2;246;133;63m▄[38;2;221;81;57;48;2;221;83;57m▄[48;2;221;81;57m▄[38;2;145;68;41;48;2;205;93;56m▄[38;2;197;153;119;48;2;156;81;43m▌[0m    [0m
               [38;2;134;47;24;48;2;221;81;57m▌[38;2;221;81;57;48;2;232;105;59m▄[48;2;230;102;59m▄[48;2;222;83;57m▄[48;2;221;81;57m▄▄▄[38;2;193;70;46;48;2;94;108;79m▌[38;2;111;117;93;48;2;226;120;61m▌[0m[38;2;147;73;26m▌[0m   [0m
      [7m[38;2;139;45;0m▌[0m[38;2;216;68;0m▄[0m       [38;2;154;55;33;48;2;221;81;57m▌[38;2;221;81;57m▄▄▄▄▄[38;2;214;78;54m▄[38;2;163;67;44;48;2;220;80;56m▄[38;2;202;83;60;48;2;222;84;57m▄[38;2;229;99;58;48;2;196;95;46m▌[0m[38;2;46;24;13m▌[0m  [0m
   [7m[38;2;144;35;0m▌[0m[38;2;237;121;0;48;2;211;54;0m▄[0m[38;2;224;64;0m▄[48;2;237;118;0m▌[38;2;243;156;0;48;2;233;91;0m▌[0m[38;2;217;55;0m▌[0m     [38;2;185;66;41;48;2;94;31;13m▄[38;2;221;81;57;48;2;219;80;56m▄[48;2;221;81;57m▄▄▄[38;2;220;80;56m▄[38;2;216;79;54m▄[38;2;221;81;57;48;2;205;75;52m▌[0m[7m[38;2;73;65;64m▄[38;2;77;58;54m▄[38;2;71;26;17m▄[0m   [0m
   [38;2;167;50;0m▄[38;2;249;190;4;48;2;226;126;0m▄[38;2;251;200;5;48;2;240;140;0m▄[38;2;252;205;6;48;2;245;167;1m▄[38;2;248;184;2;48;2;242;148;0m▌[38;2;227;61;0;48;2;116;35;0m▄[0m[38;2;148;36;0m▌[0m  [38;2;204;112;46m▄[38;2;253;146;64;48;2;189;83;42m▄[38;2;247;135;63;48;2;224;89;57m▄[38;2;221;82;57;48;2;221;81;57m▄[38;2;221;81;57m▄▄▄[38;2;220;81;56;48;2;205;74;50m▌[38;2;43;16;9;48;2;141;51;32m▄[0m[7m[38;2;205;75;52m▄[38;2;109;38;21m▄[0m     [0m
   [38;2;161;39;0;48;2;225;85;0m▌[38;2;198;81;0;48;2;248;189;3m▄[38;2;188;88;0;48;2;241;170;1m▄[38;2;241;145;0;48;2;252;201;5m▄[38;2;193;56;0;48;2;238;123;0m▄[0m[7m[38;2;139;34;0m▄[0m [38;2;153;67;29m▄[38;2;253;145;64;48;2;194;91;43m▄[38;2;254;147;65;48;2;254;147;64m▄[48;2;254;147;65m▄[48;2;253;146;64m▌[38;2;243;128;61;48;2;221;81;57m▌[38;2;221;81;57m▄▄▄[48;2;217;79;55m▄[38;2;226;91;58;48;2;204;81;49m▄[38;2;241;123;61;48;2;184;94;37m▄[38;2;210;97;53;48;2;139;56;29m▌[0m     [0m
   [38;2;161;61;32;48;2;224;99;54m▌[38;2;80;28;17;48;2;201;81;33m▄[0m[7m[38;2;180;49;0m▄[0m   [7m[38;2;142;53;22m▌[0m[38;2;228;116;54;48;2;252;144;64m▌[38;2;253;146;64;48;2;254;147;65m▄[38;2;254;147;65m▄[38;2;253;145;64m▄[38;2;235;110;60;48;2;250;140;63m▄[38;2;221;81;57;48;2;222;85;57m▄[48;2;221;81;57m▄[38;2;216;80;54;48;2;205;74;48m▄[38;2;168;93;52;48;2;208;75;52m▄[38;2;96;38;24;48;2;221;81;57m▄[38;2;45;16;10;48;2;212;77;53m▄[0m[7m[38;2;176;63;41m▄[38;2;62;24;17m▄[0m     [0m
  [38;2;62;28;10;48;2;208;144;75m▌[38;2;221;88;59;48;2;220;81;56m▌[0m[38;2;147;52;31m▌[0m   [7m[38;2;75;23;5m▌[0m[38;2;154;55;34;48;2;216;79;55m▌[38;2;221;81;57;48;2;221;83;57m▄[48;2;232;104;59m▄[48;2;233;106;59m▄[48;2;226;93;58m▄[48;2;221;81;57m▄▄▄[48;2;224;123;71m▌[38;2;228;166;87;48;2;213;157;81m▌[0m[38;2;108;68;33m▌[0m        [0m
  [38;2;39;21;10;48;2;185;128;64m▌[38;2;225;146;79;48;2;222;95;61m▌[38;2;220;80;56;48;2;200;72;47m▄[0m[38;2;157;57;37m▄[38;2;43;16;10m▄[0m [7m[38;2;92;30;11m▌[0m[38;2;154;55;34;48;2;194;71;48m▌[38;2;212;77;52;48;2;221;81;57m▌[38;2;221;81;57m▄▄▄▄▄[48;2;218;79;55m▌[38;2;196;81;45;48;2;225;137;76m▄[38;2;110;60;27;48;2;194;137;69m▄[0m         [0m
                            [0m
                            [0m
