[0m                            [0m
           [38;2;206;136;74m▄[0m     [38;2;146;90;49m▄[0m          [0m
     [38;2;161;101;48m▄[38;2;219;120;70m▄[38;2;179;99;64m▄[38;2;130;95;73;48;2;115;61;38m▄[38;2;155;92;59;48;2;204;107;61m▌[38;2;99;50;39;48;2;210;119;60m▄[0m       [38;2;168;80;44;48;2;202;99;73m▌[38;2;182;90;69;48;2;125;56;31m▄[0m[38;2;191;89;57m▄[0m       [0m
    [7m[38;2;183;98;37m▌[0m[38;2;201;134;77;48;2;89;92;88m▌[38;2;28;107;133;48;2;56;75;90m▄[38;2;29;111;137;48;2;27;76;107m▄[38;2;23;83;114;48;2;38;77;106m▌[38;2;205;133;71;48;2;85;70;75m▄[38;2;237;167;80;48;2;173;95;47m▄[38;2;237;145;65;48;2;215;130;62m▄[38;2;212;122;58;48;2;221;146;75m▌[38;2;178;129;80;48;2;212;148;110m▌[38;2;232;152;105;48;2;203;115;64m▄[38;2;193;107;59;48;2;144;89;50m▌[0m[7m[38;2;146;79;54m▄[38;2;126;54;26m▄[38;2;191;88;56m▌[0m[38;2;159;74;53;48;2;40;78;108m▌[38;2;27;78;110;48;2;68;79;101m▄[38;2;160;83;66;48;2;174;79;46m▄[0m      [0m
   [7m[38;2;158;82;29m▌[0m[38;2;201;119;68;48;2;108;108;109m▌[38;2;30;118;142;48;2;35;109;134m▄[38;2;31;119;143;48;2;31;119;143m▄[48;2;29;113;138m▌[38;2;24;87;117;48;2;22;77;108m▌[38;2;61;79;88;48;2;159;127;114m▌[38;2;150;81;51;48;2;128;61;27m▌[38;2;98;65;51;48;2;196;140;103m▄[38;2;130;56;23;48;2;211;119;53m▄[38;2;156;77;58;48;2;204;104;55m▄[38;2;179;83;44;48;2;203;99;74m▌[38;2;202;98;72;48;2;176;87;65m▄[0m[38;2;115;57;42m▄[38;2;133;60;35m▄[38;2;132;84;83;48;2;177;81;50m▄[38;2;23;79;111;48;2;56;77;101m▄[48;2;23;79;111m▄[38;2;38;78;106;48;2;127;77;72m▌[38;2;190;88;59;48;2;122;51;21m▌[0m     [0m
   [38;2;189;98;35;48;2;216;127;73m▌[38;2;69;99;117;48;2;30;118;142m▌[38;2;38;157;175;48;2;31;123;146m▄[38;2;37;150;169;48;2;35;142;161m▄[38;2;31;121;145;48;2;25;90;119m▌[38;2;27;100;127;48;2;23;82;113m▄[38;2;25;89;119;48;2;74;79;93m▌[38;2;107;82;90;48;2;168;77;47m▄[0m[38;2;172;107;88m▄[38;2;153;65;31;48;2;208;100;67m▌[38;2;213;113;84;48;2;192;93;56m▌[38;2;152;75;56;48;2;193;93;68m▄[38;2;207;104;77;48;2;184;89;64m▄[38;2;207;103;79;48;2;198;98;74m▄[38;2;173;81;52;48;2;89;64;67m▌[38;2;32;77;107;48;2;23;79;111m▌[38;2;23;79;111;48;2;25;89;118m▌[38;2;27;99;127;48;2;23;81;113m▌[38;2;26;79;110;48;2;119;75;73m▌[38;2;191;90;61;48;2;105;43;15m▌[0m     [0m
  [7m[38;2;163;80;24m▌[0m[38;2;233;133;64;48;2;95;98;108m▌[38;2;24;96;108;48;2;33;133;154m▄[0m[7m[38;2;31;127;139m▄[38;2;32;130;146m▄[0m[38;2;27;100;127;48;2;25;94;119m▌[0m[7m[38;2;27;101;128m▄[38;2;25;94;120m▄[0m[38;2;8;22;29;48;2;23;78;109m▄[38;2;20;66;93;48;2;98;89;86m▄[38;2;42;74;98;48;2;144;94;52m▄[38;2;159;84;54;48;2;129;63;40m▌[0m[38;2;160;79;26m▄[38;2;234;132;60;48;2;220;117;74m▌[38;2;214;111;76;48;2;207;103;79m▄[38;2;207;103;79;48;2;186;90;65m▌[38;2;83;63;66;48;2;21;74;104m▌[38;2;16;57;81;48;2;25;93;122m▄[38;2;24;78;110;48;2;23;83;114m▄[38;2;95;77;86;48;2;185;90;68m▌[0m[38;2;106;46;22m▌[38;2;195;139;30m▄[38;2;213;147;36m▄[0m   [0m
  [7m[38;2;156;73;46m▌[0m[38;2;199;101;80;48;2;45;61;76m▌[0m   [7m[38;2;71;55;45m▌[0m[38;2;179;139;132m▄[38;2;164;130;118;48;2;149;104;78m▌[0m[38;2;112;59;24m▄[38;2;192;103;43m▄[38;2;167;95;66;48;2;206;110;69m▌[38;2;197;97;64;48;2;240;139;62m▄[38;2;205;102;72;48;2;227;129;60m▄[38;2;207;103;78;48;2;229;126;71m▄[38;2;207;103;79;48;2;215;111;76m▄[48;2;207;103;79m▄[38;2;178;88;66;48;2;61;28;14m▌[0m[38;2;75;30;5m▄[38;2;29;31;33;48;2;96;67;69m▌[38;2;165;115;102;48;2;161;73;43m▄[0m[38;2;161;138;110m▄[38;2;199;126;38;48;2;238;141;50m▌[38;2;239;159;63;48;2;239;126;59m▌[0m[38;2;188;81;49m▌[0m  [0m
   [7m[38;2;72;37;29m▄[0m  [38;2;154;99;40m▄[38;2;165;108;55m▄[38;2;172;113;66m▄[38;2;159;100;60;48;2;154;78;58m▄[38;2;178;96;56;48;2;210;117;59m▌[38;2;231;129;68;48;2;163;89;50m▄[38;2;209;105;78;48;2;186;93;70m▄[38;2;208;108;81;48;2;200;98;74m▄[38;2;223;168;113;48;2;207;103;79m▄[38;2;238;205;133;48;2;213;135;96m▄[38;2;239;207;135;48;2;224;182;121m▄[48;2;225;186;123m▄[38;2;227;176;118;48;2;130;92;64m▌[0m[7m[38;2;100;40;5m▄[38;2;159;68;30m▄[38;2;185;97;73m▄[38;2;136;98;84m▄[0m[38;2;199;101;51;48;2;238;113;70m▌[38;2;230;119;62;48;2;235;174;72m▌[0m[38;2;181;102;51m▌[0m  [0m
   [7m[38;2;172;85;54m▌[0m[38;2;218;115;60;48;2;238;136;65m▌[38;2;244;140;65;48;2;246;158;74m▄[38;2;247;143;64;48;2;241;155;72m▄[38;2;244;141;62;48;2;223;139;60m▄[38;2;221;134;59;48;2;179;114;53m▌[38;2;226;142;66;48;2;174;114;54m▄[38;2;247;147;66;48;2;244;141;63m▄[38;2;245;141;64;48;2;226;122;72m▌[38;2;203;100;74;48;2;208;128;90m▌[38;2;235;204;133;48;2;229;177;118m▄[38;2;239;207;135;48;2;239;206;135m▄[48;2;239;207;135m▄▄[38;2;237;205;134m▄[38;2;220;179;116;48;2;183;109;69m▌[38;2;172;84;62;48;2;50;24;17m▄[0m[38;2;191;92;65m▄[38;2;181;84;54m▄[38;2;214;116;65m▄[7m[38;2;216;107;47m▄[0m    [0m
    [38;2;86;75;51;48;2;205;121;88m▄[38;2;187;153;103;48;2;210;107;78m▄[38;2;211;155;107;48;2;221;118;74m▄[38;2;192;129;91;48;2;225;123;71m▄[38;2;160;85;56;48;2;217;130;73m▌[38;2;230;126;70;48;2;246;184;90m▄[38;2;221;117;74;48;2;246;165;78m▄[38;2;207;104;78;48;2;231;127;70m▄[38;2;206;102;78;48;2;188;96;68m▌[38;2;169;139;91;48;2;216;191;127m▌[38;2;214;190;126;48;2;220;194;129m▄[38;2;209;185;123;48;2;230;201;132m▄[38;2;187;152;102;48;2;233;203;133m▄[38;2;187;100;75;48;2;215;173;113m▄[38;2;204;101;78;48;2;201;100;72m▄[38;2;197;98;75;48;2;128;64;49m▌[0m[7m[38;2;113;57;45m▄[38;2;132;63;44m▄[0m      [0m
      [7m[38;2;80;72;48m▄[38;2;116;103;69m▄[0m[38;2;88;52;31;48;2;189;105;76m▌[38;2;218;115;76;48;2;206;102;73m▌[38;2;213;110;71;48;2;207;103;79m▄[38;2;203;100;70m▄[38;2;171;83;61;48;2;73;34;21m▌[0m[7m[38;2;72;62;42m▄[38;2;84;74;50m▄[38;2;113;62;48m▄[0m[38;2;82;42;33;48;2;200;99;76m▄[38;2;111;53;35;48;2;206;102;78m▄[38;2;174;86;51;48;2;176;94;65m▌[38;2;161;151;147;48;2;128;67;33m▄[0m        [0m
        [7m[38;2;104;94;92m▄[38;2;177;161;158m▄[38;2;139;106;98m▄[38;2;138;116;109m▄[0m                [0m
                            [0m
