[0m                            [0m
                   [38;2;105;67;31m▄[0m  [38;2;119;78;37m▄[38;2;218;124;47m▄[38;2;108;54;19m▄[0m   [0m
           [38;2;98;46;20m▄[38;2;145;73;28m▄[38;2;177;91;32m▄[38;2;207;101;47m▄[38;2;220;110;49m▄[38;2;218;102;55;48;2;101;50;17m▄[38;2;207;105;42;48;2;234;126;42m▌[38;2;237;130;41;48;2;236;130;41m▄[38;2;236;130;41;48;2;237;142;53m▄[38;2;227;123;41;48;2;189;102;50m▌[38;2;179;107;46;48;2;190;97;42m▄[38;2;177;77;49;48;2;236;129;41m▄[38;2;204;82;64;48;2;227;136;59m▄[38;2;173;68;54;48;2;208;104;46m▄[0m[38;2;51;18;12m▌[0m  [0m
           [7m[38;2;127;56;32m▄[38;2;133;55;38m▄[38;2;99;37;26m▄[38;2;72;26;20m▄[0m[38;2;141;53;39;48;2;182;72;54m▌[38;2;206;100;46;48;2;199;79;62m▄[38;2;202;86;57;48;2;209;89;61m▌[38;2;204;81;65;48;2;230;121;45m▄[48;2;220;106;53m▄[38;2;186;74;55;48;2;197;131;122m▌[38;2;205;131;121;48;2;127;68;63m▌[0m[7m[38;2;186;76;61m▄[38;2;108;54;45m▄[38;2;80;78;78m▄[0m   [0m
          [38;2;171;82;38m▄[38;2;177;83;42;48;2;97;45;17m▌[0m[38;2;93;37;23m▄[38;2;209;102;47m▄[38;2;187;84;47;48;2;133;67;23m▄[38;2;162;63;46;48;2;218;111;44m▄[38;2;172;67;51;48;2;213;97;56m▄[38;2;199;78;62;48;2;189;74;57m▄[38;2;204;81;65;48;2;203;80;64m▄[38;2;203;80;64;48;2;204;81;65m▄[38;2;190;75;58;48;2;143;50;33m▌[38;2;221;62;14;48;2;62;18;8m▄[38;2;201;72;35;48;2;113;113;113m▄[0m[38;2;94;61;52m▄[0m    [0m
         [38;2;215;106;48;48;2;106;49;23m▄[38;2;108;42;31;48;2;208;97;52m▄[0m  [7m[38;2;50;17;11m▄[0m[38;2;69;23;14;48;2;178;70;55m▌[38;2;204;81;65;48;2;203;80;64m▄[48;2;204;81;65m▄[48;2;200;79;63m▌[38;2;164;76;36;48;2;201;93;49m▌[38;2;151;62;40;48;2;201;79;63m▌[38;2;177;69;54;48;2;202;80;63m▄[38;2;130;51;39;48;2;183;63;39m▄[38;2;91;36;28;48;2;177;58;33m▄[0m[7m[38;2;191;121;108m▄[38;2;74;34;26m▄[0m   [0m
      [38;2;159;79;32m▄[38;2;220;111;47m▄[38;2;205;83;64;48;2;218;110;46m▄[38;2;76;43;43;48;2;187;75;55m▄[0m   [7m[38;2;107;49;21m▌[0m[38;2;212;94;58;48;2;191;77;57m▄[38;2;204;81;65;48;2;204;81;65m▄▄[38;2;202;80;64;48;2;156;64;41m▌[38;2;221;115;43;48;2;209;89;61m▌[0m[38;2;130;49;38m▌[0m        [0m
    [38;2;92;46;15m▄[38;2;235;128;41;48;2;169;92;27m▄[38;2;211;92;60;48;2;228;118;47m▄[38;2;188;74;57;48;2;205;83;64m▄[38;2;202;80;64;48;2;132;76;75m▌[0m[38;2;22;48;59m▌[0m   [38;2;194;102;33;48;2;232;124;44m▌[38;2;211;92;60;48;2;204;81;65m▌[38;2;204;81;65m▄[38;2;203;80;64;48;2;173;67;52m▌[38;2;142;54;38;48;2;174;90;28m▌[38;2;217;101;55;48;2;204;81;65m▌[38;2;203;80;64;48;2;170;66;49m▌[0m[38;2;171;67;49m▄[38;2;93;35;27m▄[0m      [0m
    [38;2;129;64;20;48;2;233;127;40m▌[38;2;211;92;60;48;2;227;116;48m▄[38;2;196;78;61;48;2;204;81;64m▄[38;2;180;70;53;48;2;197;78;61m▌[38;2;145;78;77;48;2;27;89;115m▌[0m  [38;2;199;107;34m▄[38;2;231;122;45;48;2;219;114;42m▄[38;2;207;86;62;48;2;223;111;50m▄[38;2;204;81;65;48;2;204;81;65m▄[38;2;203;81;64;48;2;185;72;57m▌[38;2;163;63;47;48;2;184;72;55m▌[38;2;177;74;46;48;2;220;108;52m▌[38;2;204;82;64;48;2;199;79;63m▌[38;2;199;78;62;48;2;175;68;50m▄[38;2;204;81;65;48;2;197;78;61m▄▄[0m[38;2;117;45;33m▌[0m     [0m
   [7m[38;2;130;66;18m▌[0m[38;2;234;128;41;48;2;221;107;53m▌[38;2;204;81;64;48;2;205;82;64m▄[38;2;201;82;60;48;2;185;73;54m▌[38;2;202;80;63;48;2;193;79;65m▌[38;2;67;55;61;48;2;32;89;114m▄[0m[38;2;190;74;59m▄[38;2;167;66;51;48;2;206;87;60m▌[38;2;204;81;65;48;2;213;96;58m▄[48;2;204;82;64m▄[48;2;204;81;65m▄[38;2;177;69;52;48;2;202;80;64m▄[38;2;197;78;62;48;2;171;66;50m▄[38;2;204;81;65;48;2;201;80;63m▄[48;2;200;79;63m▄[48;2;204;81;65m▄▄▄▄[38;2;203;80;64;48;2;113;43;32m▌[0m     [0m
   [38;2;85;36;17;48;2;213;104;49m▌[38;2;217;102;55;48;2;201;80;62m▌[38;2;197;84;55;48;2;228;118;47m▌[38;2;222;109;52;48;2;205;83;64m▌[38;2;198;78;62;48;2;160;61;46m▌[38;2;180;71;54;48;2;194;84;53m▌[38;2;214;116;36;48;2;191;75;60m▄[38;2;187;83;48;48;2;203;80;64m▄[38;2;157;60;46;48;2;204;81;65m▄[38;2;188;74;58m▄[38;2;186;73;58;48;2;191;75;60m▄[38;2;204;81;65;48;2;183;72;57m▄[48;2;204;81;65m▄▄▄▄▄▄▄[48;2;200;79;63m▄[0m[38;2;124;47;36m▌[0m    [0m
  [7m[38;2;36;12;9m▌[0m[38;2;190;75;59;48;2;204;81;65m▌[38;2;204;81;65;48;2;160;61;47m▌[38;2;169;67;48;48;2;203;82;62m▌[38;2;204;81;64;48;2;200;79;63m▌[38;2;182;71;55;48;2;171;66;50m▌[38;2;194;86;51;48;2;225;114;48m▌[38;2;208;88;61;48;2;235;127;42m▄[38;2;204;81;65;48;2;212;94;59m▄[48;2;173;67;51m▄[48;2;176;68;53m▄[48;2;204;81;65m▄▄▄▄▄▄▄▄▄▄[38;2;203;80;64;48;2;160;62;47m▌[0m    [0m
  [7m[38;2;63;23;18m▌[38;2;204;81;65m▄[38;2;193;76;60m▄[38;2;179;70;55m▄[38;2;204;81;65m▄[38;2;168;64;50m▄[38;2;204;81;65m▄[38;2;197;78;62m▄[38;2;188;74;59m▄[38;2;204;81;65m▄▄▄▄▄▄▄▄▄▄▄▄[38;2;204;81;64m▄[0m[38;2;97;37;29m▌[0m   [0m
                            [0m
