[0m                            [0m
        [38;2;174;164;138m▄[0m                   [0m
       [38;2;62;59;50;48;2;207;193;156m▌[0m[38;2;162;152;124m▄[0m  [38;2;152;150;143m▄[38;2;143;143;143m▄[0m         [7m[38;2;146;138;117m▄[0m[38;2;119;113;93;48;2;134;128;109m▄[0m[38;2;127;121;105m▄[0m   [0m
         [7m[38;2;160;150;121m▄[38;2;158;148;119m▄[0m [38;2;116;72;37m▄[38;2;187;157;129;48;2;126;95;66m▌[0m[38;2;189;120;54m▄[38;2;221;156;62;48;2;199;140;63m▌[0m[38;2;63;41;23m▌[38;2;142;142;142m▄[38;2;73;73;73;48;2;149;143;126m▄[0m[7m[38;2;174;164;137m▄[38;2;183;174;149m▄[0m[38;2;109;104;89m▄[38;2;161;156;142m▄[38;2;145;145;145m▄[7m[38;2;159;154;140m▄[0m   [0m
          [38;2;208;135;50;48;2;97;60;31m▄[38;2;212;138;49;48;2;204;131;51m▄[48;2;212;138;49m▄▄▄[48;2;215;144;54m▄[38;2;213;140;51;48;2;221;166;77m▄[38;2;232;180;90;48;2;164;144;110m▄[0m          [0m
         [38;2;116;73;33;48;2;203;131;49m▌[38;2;212;138;49;48;2;212;138;49m▄▄▄▄▄▄▄[38;2;169;119;73;48;2;160;153;147m▌[0m[38;2;148;121;103m▌[0m         [0m
        [7m[38;2;81;50;20m▌[0m[38;2;212;138;49;48;2;206;133;48m▄[48;2;212;138;49m▄▄▄▄▄▄▄[38;2;210;140;59;48;2;183;158;136m▄[38;2;228;165;71;48;2;172;134;76m▄[0m[38;2;172;130;72m▄[0m        [0m
        [7m[38;2;195;126;47m▌[0m[38;2;212;138;49;48;2;212;138;49m▄▄▄▄▄▄▄▄[38;2;198;128;49m▄[38;2;212;138;49m▄[38;2;169;109;49;48;2;203;146;71m▄[0m [38;2;150;114;60m▄[38;2;114;81;40m▄[0m     [0m
    [38;2;74;47;19m▄[38;2;164;106;40;48;2;223;157;62m▌[38;2;226;175;86;48;2;99;70;36m▌[0m [38;2;117;74;29;48;2;209;136;49m▌[38;2;212;138;49;48;2;212;138;49m▄▄▄▄▄▄[48;2;184;117;52m▌[38;2;95;61;22;48;2;210;136;49m▄[38;2;69;45;15;48;2;179;115;50m▄[0m[7m[38;2;196;127;45m▄[38;2;74;47;18m▄[38;2;65;45;22m▌[0m[38;2;218;165;72;48;2;225;160;62m▌[38;2;212;139;50;48;2;142;91;36m▌[0m     [0m
   [7m[38;2;60;37;21m▌[0m[38;2;162;104;42;48;2;210;136;49m▌[38;2;212;138;49;48;2;212;138;49m▄[38;2;225;160;61;48;2;236;178;72m▌[38;2;191;142;59;48;2;99;66;27m▌[38;2;196;127;48;48;2;212;138;49m▌[38;2;212;138;49m▄▄▄▄▄▄[38;2;215;143;52;48;2;232;174;70m▌[0m[38;2;162;118;50m▌[0m   [38;2;152;108;49;48;2;230;173;71m▌[38;2;225;160;62;48;2;212;138;49m▌[38;2;212;138;49;48;2;211;137;48m▄[38;2;191;123;48;48;2;98;63;26m▄[0m    [0m
   [38;2;66;41;18;48;2;193;125;46m▌[38;2;212;138;49;48;2;212;138;49m▄▄[38;2;212;139;49;48;2;225;161;62m▌[38;2;236;177;72;48;2;225;163;64m▌[38;2;204;133;48;48;2;178;115;43m▄[38;2;193;125;45;48;2;212;138;49m▄[38;2;211;137;48m▄[38;2;212;138;49m▄▄▄▄[38;2;213;140;50;48;2;223;157;60m▌[38;2;232;172;69;48;2;224;167;69m▌[0m[38;2;137;96;40m▄[38;2;204;149;60m▄[38;2;237;179;73;48;2;206;154;63m▄[48;2;237;179;73m▄[38;2;221;154;58;48;2;212;138;49m▌[38;2;212;138;49m▄[48;2;211;137;49m▄[0m[38;2;186;120;48m▌[0m   [0m
  [7m[38;2;52;32;16m▌[0m[38;2;192;123;48;48;2;212;138;49m▌[38;2;212;138;49m▄▄▄[38;2;219;150;56;48;2;231;169;67m▄[38;2;223;156;59;48;2;212;138;49m▌[38;2;212;138;49;48;2;202;131;47m▄[48;2;179;116;44m▄[38;2;207;134;49;48;2;179;115;45m▄[38;2;183;119;45;48;2;210;136;48m▌[38;2;212;138;49;48;2;212;138;49m▄▄[38;2;206;134;48;48;2;167;107;44m▌[38;2;210;136;49;48;2;178;116;41m▄[38;2;206;134;48;48;2;212;140;50m▌[38;2;234;175;71;48;2;237;179;73m▌[38;2;237;179;73m▄▄[38;2;229;166;65;48;2;212;139;49m▌[38;2;212;138;49;48;2;212;138;49m▄▄[48;2;201;130;46m▌[0m[38;2;70;44;17m▌[0m  [0m
  [7m[38;2;66;42;13m▌[38;2;212;138;49m▄▄▄▄▄▄▄▄▄[38;2;198;128;49m▄[38;2;212;138;49m▄▄[38;2;210;137;49m▄[38;2;204;131;52m▄[38;2;212;138;49m▄[38;2;228;165;65m▄[38;2;237;179;73m▄▄[38;2;231;170;68m▄[38;2;212;138;49m▄▄▄[0m[38;2;66;42;13m▌[0m  [0m
                            [0m
