[0m                            [0m
        [38;2;144;144;145m▄[38;2;86;86;88m▄[38;2;107;107;107m▄[38;2;108;108;111m▄[0m [38;2;121;101;51m▄[38;2;145;130;97m▄[38;2;116;116;116m▄[0m            [0m
         [38;2;179;146;63;48;2;65;64;65m▄[0m [7m[38;2;181;156;91m▌[0m[38;2;246;214;105;48;2;201;182;113m▄[38;2;221;193;102;48;2;168;153;109m▌[38;2;193;180;136;48;2;207;178;106m▌[38;2;216;178;81;48;2;171;144;78m▄[0m[7m[38;2;123;122;123m▄[0m[38;2;72;72;75m▄[38;2;70;70;73m▄[0m  [38;2;166;136;62m▄[0m      [0m
      [38;2;167;144;75m▄[38;2;123;148;117;48;2;105;87;41m▄[38;2;85;157;155;48;2;181;158;81m▄[38;2;89;154;147;48;2;103;136;116m▌[38;2;217;195;105;48;2;156;130;62m▄[38;2;247;212;101;48;2;222;180;74m▄[38;2;247;199;79;48;2;247;199;79m▄[38;2;224;182;76;48;2;149;132;89m▄[38;2;201;172;96;48;2;172;166;152m▄[38;2;200;170;85;48;2;207;175;88m▌[0m[38;2;154;130;66m▌[0m   [38;2;135;112;52;48;2;170;154;86m▌[38;2;71;139;135;48;2;170;151;82m▄[38;2;139;135;87;48;2;99;83;44m▌[0m     [0m
    [38;2;138;118;58m▄[38;2;54;94;88;48;2;151;139;81m▄[38;2;54;101;99;48;2;93;160;155m▄[38;2;86;159;158;48;2;96;171;171m▄[38;2;71;141;138;48;2;101;175;175m▄[38;2;74;146;144;48;2;73;135;130m▌[38;2;124;152;126;48;2;207;176;86m▄[38;2;154;139;80;48;2;200;169;81m▄[38;2;158;136;73;48;2;224;185;84m▄[38;2;157;146;96;48;2;207;174;86m▄[38;2;159;140;81;48;2;198;167;84m▄[38;2;204;173;87;48;2;207;175;88m▄[38;2;204;173;86;48;2;133;113;58m▌[0m [38;2;116;108;66m▄[38;2;89;152;144;48;2;144;127;69m▄[38;2;104;178;178;48;2;97;157;149m▄[38;2;84;152;148;48;2;73;150;148m▌[38;2;87;157;154;48;2;131;146;113m▌[0m[38;2;146;126;69m▌[0m    [0m
       [38;2;71;69;66;48;2;26;52;51m▄[0m[38;2;119;99;47m▄[38;2;184;151;66m▄[38;2;212;171;71;48;2;72;106;99m▄[38;2;200;167;81;48;2;148;156;112m▄[38;2;207;202;162;48;2;150;143;98m▄[38;2;209;206;161;48;2;203;202;155m▌[38;2;200;199;152;48;2;176;167;118m▌[38;2;227;187;84;48;2;202;171;86m▄[38;2;246;198;79;48;2;226;186;83m▄[38;2;239;193;78;48;2;149;127;63m▄[38;2;121;129;87;48;2;88;151;144m▄[0m[7m[38;2;84;163;163m▄[0m[38;2;78;129;129;48;2;115;188;188m▄[38;2;69;141;140;48;2;83;159;158m▄[38;2;77;130;129;48;2;106;179;179m▄[38;2;128;161;143;48;2;156;134;71m▌[0m[38;2;56;48;26m▌[0m   [0m
       [38;2;89;83;68;48;2;196;181;141m▄[38;2;167;145;84;48;2;240;195;80m▄[38;2;204;198;169;48;2;225;184;83m▄[38;2;218;215;190;48;2;189;168;112m▄[38;2;224;219;181;48;2;224;216;176m▄[38;2;236;229;188;48;2;230;223;182m▄[38;2;246;238;198;48;2;212;207;165m▄[38;2;239;232;191;48;2;224;218;177m▄[38;2;190;177;118;48;2;243;197;80m▌[38;2;227;184;77;48;2;196;161;74m▌[38;2;202;167;77;48;2;245;198;79m▄[38;2;241;196;80;48;2;238;192;76m▌[38;2;243;196;80;48;2;115;94;42m▄[0m[38;2;124;103;50m▄[0m  [38;2;61;75;64;48;2;145;124;66m▌[0m[38;2;87;73;39m▌[0m   [0m
     [38;2;183;161;84m▄[38;2;231;200;99m▄[38;2;204;192;155;48;2;88;75;41m▄[38;2;240;240;236;48;2;179;177;161m▄[38;2;230;230;220;48;2;239;238;231m▄[38;2;217;216;200;48;2;247;247;246m▄[38;2;215;211;178;48;2;245;242;226m▄[38;2;238;231;191;48;2;233;226;186m▄[38;2;246;238;198;48;2;219;213;172m▄[38;2;225;219;178;48;2;209;193;133m▌[38;2;235;193;88;48;2;242;196;80m▌[38;2;221;183;84;48;2;207;175;87m▌[38;2;199;169;84;48;2;175;148;75m▄[38;2;86;73;39;48;2;206;174;87m▄[38;2;113;105;84;48;2;203;172;89m▄[38;2;184;172;144;48;2;132;126;108m▌[0m[38;2;91;91;94m▌[0m      [0m
    [38;2;147;121;55;48;2;238;201;92m▌[38;2;247;204;89;48;2;246;222;118m▄[38;2;227;196;96;48;2;168;158;114m▌[38;2;244;236;196;48;2;214;208;168m▄[38;2;225;219;178;48;2;238;232;198m▄[38;2;216;210;169;48;2;246;243;224m▄[38;2;217;211;170;48;2;247;241;212m▄[38;2;208;188;130;48;2;244;237;198m▄[38;2;220;196;108;48;2;213;206;165m▄[38;2;246;222;118;48;2;188;179;134m▄[38;2;239;215;114;48;2;190;162;85m▄[38;2;197;163;73;48;2;215;178;82m▄[38;2;202;171;86;48;2;207;175;88m▄[38;2;207;175;88;48;2;163;138;70m▌[0m    [38;2;154;136;71m▄[38;2;210;180;88m▄[0m    [0m
    [7m[38;2;121;99;44m▄[0m[38;2;172;146;73;48;2;233;190;81m▄[38;2;198;166;79;48;2;152;141;98m▌[38;2;211;207;165;48;2;224;219;177m▌[38;2;210;206;163;48;2;246;238;198m▄[38;2;211;207;164m▄[38;2;160;144;89;48;2;213;199;152m▄[38;2;200;170;97;48;2;238;192;77m▄[38;2;196;185;162;48;2;246;202;86m▄[38;2;177;169;154;48;2;246;207;93m▄[38;2;231;188;82;48;2;246;202;84m▄[38;2;225;186;84;48;2;242;196;80m▄[38;2;220;183;84;48;2;194;162;79m▌[38;2;168;142;72;48;2;52;45;24m▌[0m   [38;2;102;83;38;48;2;215;174;71m▌[38;2;241;197;82;48;2;219;183;86m▌[0m[38;2;115;97;50m▌[0m    [0m
    [7m[38;2;122;101;48m▌[0m[38;2;218;181;85;48;2;178;150;77m▄[38;2;207;175;88;48;2;202;170;85m▄[38;2;182;155;80;48;2;165;156;107m▄[38;2;156;155;117;48;2;198;197;151m▄[38;2;182;179;134m▄[38;2;143;125;72;48;2;204;171;84m▌[38;2;207;175;88;48;2;223;185;92m▄[38;2;210;177;87;48;2;211;188;138m▄[38;2;229;188;83;48;2;198;190;178m▄[38;2;163;138;73;48;2;186;173;142m▄[38;2;197;166;83;48;2;207;175;88m▄[38;2;178;150;76;48;2;165;139;70m▄[38;2;207;175;88;48;2;195;165;82m▄[38;2;204;171;84;48;2;71;59;28m▄[0m[38;2;166;138;66m▄[38;2;184;150;64m▄[38;2;211;171;72;48;2;237;193;81m▌[38;2;223;185;84;48;2;206;174;87m▌[0m[38;2;166;140;71m▌[0m    [0m
    [38;2;84;84;86;48;2;162;151;126m▄[38;2;107;107;108;48;2;200;181;135m▄[0m[7m[38;2;178;151;77m▄[0m  [7m[38;2;74;69;47m▄[0m[38;2;175;148;75;48;2;207;175;88m▌[38;2;207;175;88m▄[38;2;204;172;86m▄[38;2;166;153;98;48;2;189;160;80m▄[38;2;189;188;143;48;2;161;138;73m▄[38;2;192;192;145;48;2;167;155;100m▄[38;2;189;182;128;48;2;203;173;89m▄[38;2;192;171;97;48;2;207;175;88m▄[38;2;206;174;88m▄[38;2;207;175;88m▄▄▄[38;2;160;135;68;48;2;205;173;87m▄[0m[38;2;81;68;36m▌[0m    [0m
           [7m[38;2;117;99;51m▄[0m  [7m[38;2;94;92;65m▄[38;2;179;178;135m▄[38;2;172;172;127m▄[0m[38;2;47;46;32;48;2;191;191;143m▄[38;2;44;44;33;48;2;181;177;125m▄[0m[7m[38;2;176;170;117m▄[38;2;163;148;88m▄[38;2;83;70;36m▄[0m      [0m
                            [0m
