[0m                            [0m
                            [0m
                            [0m
      [7m[38;2;83;67;119m▌[0m[38;2;99;82;147;48;2;137;120;180m▄[38;2;152;134;194;48;2;76;67;101m▄[0m[38;2;145;130;185m▄[38;2;92;76;121m▄[38;2;84;70;122m▄[0m  [38;2;81;61;115;48;2;111;96;157m▌[38;2;139;122;183;48;2;67;59;89m▄[0m[38;2;67;58;87m▄[0m [38;2;100;80;139m▄[0m [38;2;90;72;126m▄[38;2;127;102;175m▄[38;2;129;104;178;48;2;79;64;114m▄[38;2;112;91;160;48;2;124;100;172m▄[38;2;78;62;117;48;2;111;90;159m▄[0m[38;2;32;22;39m▌[0m  [0m
       [38;2;74;58;110;48;2;89;73;138m▌[38;2;89;73;138;48;2;99;81;147m▄[38;2;96;78;145;48;2;147;129;191m▄[38;2;137;118;182;48;2;114;95;155m▌[38;2;82;61;114;48;2;89;73;138m▌[38;2;89;73;138;48;2;113;96;160m▄[38;2;101;84;146;48;2;79;60;112m▌[38;2;87;70;132;48;2;89;73;138m▌[38;2;89;73;138;48;2;106;88;154m▄[38;2;121;100;169;48;2;157;140;197m▄[38;2;117;95;166;48;2;128;104;174m▄[38;2;129;104;178;48;2;116;92;158m▄[38;2;128;103;176;48;2;129;104;178m▌[38;2;125;101;174;48;2;130;105;179m▄[38;2;106;86;154;48;2;129;104;178m▄[38;2;89;73;138;48;2;112;91;160m▄[48;2;83;67;127m▌[0m[38;2;58;42;79m▌[0m   [0m
      [38;2;67;55;96m▄[38;2;124;101;173;48;2;78;57;102m▄[38;2;102;83;150;48;2;97;74;134m▄[38;2;95;77;143;48;2;102;79;140m▄[38;2;89;73;138;48;2;96;74;133m▄[48;2;88;72;136m▄[48;2;89;73;138m▄▄▄▄▄▄[48;2;97;80;146m▄[48;2;98;80;147m▄[48;2;89;73;138m▄▄[38;2;82;67;125m▄[0m[38;2;59;44;80m▌[0m    [0m
     [38;2;36;26;48;48;2;69;51;96m▌[38;2;88;71;134;48;2;40;28;52m▄[38;2;72;56;104;48;2;87;71;128m▌[38;2;94;75;135;48;2;103;84;151m▄[38;2;89;73;138;48;2;89;73;138m▄▄[38;2;87;70;132m▄[38;2;89;71;131;48;2;99;78;143m▌[38;2;117;93;160;48;2;87;69;131m▄[38;2;110;89;158;48;2;88;68;128m▄[38;2;93;76;142;48;2;90;72;134m▄[38;2;89;73;138;48;2;89;73;138m▄▄▄▄▄[38;2;88;72;137m▄[38;2;134;117;174;48;2;99;82;134m▄[38;2;145;129;183;48;2;103;87;127m▄[0m    [0m
   [38;2;55;39;70m▄[38;2;99;76;132m▄[38;2;111;89;155m▄[38;2;108;86;154;48;2;74;51;93m▄[38;2;106;86;155;48;2;91;70;129m▄[38;2;91;74;139;48;2;87;67;127m▄[38;2;89;73;138;48;2;89;73;138m▄▄[48;2;89;73;137m▄[38;2;86;70;133;48;2;89;71;129m▌[38;2;101;77;135;48;2;114;92;160m▄[38;2;119;96;167;48;2;91;74;140m▄[38;2;90;74;139;48;2;89;73;138m▄[38;2;89;73;138m▄▄▄▄▄▄[38;2;90;74;139;48;2;122;106;167m▄[38;2;109;82;112;48;2;204;117;95m▌[38;2;156;84;104;48;2;139;116;165m▄[0m[38;2;66;54;88m▌[0m  [0m
   [38;2;78;61;115m▄[38;2;86;67;126;48;2;95;71;127m▄[38;2;92;70;128;48;2;105;85;153m▄[38;2;102;83;150;48;2;89;73;138m▄[38;2;89;73;138m▄▄▄[38;2;88;71;135m▄[38;2;86;65;122m▄[38;2;92;72;133;48;2;103;80;142m▌[38;2;117;93;160;48;2;123;100;172m▌[38;2;106;86;155;48;2;90;74;139m▌[38;2;89;73;138;48;2;89;73;138m▄▄▄▄▄▄[38;2;77;62;113m▄[38;2;100;84;137;48;2;88;72;136m▌[38;2;94;68;125;48;2;170;69;80m▌[38;2;213;72;59;48;2;156;62;73m▌[0m[38;2;48;35;65m▌[0m  [0m
    [38;2;43;30;56;48;2;83;59;107m▌[38;2;105;81;144;48;2;87;70;132m▄[38;2;99;80;146;48;2;95;73;133m▄[38;2;89;73;138;48;2;91;75;140m▄[48;2;89;73;138m▄▄[48;2;87;66;123m▄[38;2;88;69;129;48;2;119;95;164m▄[38;2;117;94;163;48;2;102;83;151m▌[38;2;89;73;138;48;2;91;75;140m▄[48;2;89;73;138m▄▄▄▄▄▄▄[48;2;88;72;137m▄[38;2;93;80;125;48;2;140;127;147m▌[38;2;203;194;206;48;2;96;82;129m▄[38;2;191;183;192;48;2;82;67;126m▄[0m[38;2;32;23;40m▌[0m  [0m
   [38;2;56;37;67;48;2;90;67;119m▌[38;2;85;65;119;48;2;119;94;161m▄[38;2;98;75;132;48;2;106;86;154m▄[38;2;89;73;138;48;2;89;73;138m▄▄▄▄[38;2;89;73;137m▄[38;2;87;69;129;48;2;88;72;137m▄[38;2;96;75;136;48;2;87;65;120m▄[38;2;89;73;138;48;2;89;73;138m▄▄▄▄[48;2;88;72;136m▌[38;2;74;58;110m▌[38;2;89;73;138;48;2;89;73;138m▄▄▄[48;2;86;70;133m▄[38;2;88;75;113;48;2;168;158;174m▄[0m[7m[38;2;154;148;157m▄[0m   [0m
    [7m[38;2;41;30;56m▄[38;2;41;32;60m▄[38;2;51;40;77m▄[38;2;52;42;81m▄▄▄[38;2;52;41;76m▄[38;2;68;53;92m▄[38;2;56;46;85m▄[38;2;52;42;81m▄▄▄▄[38;2;51;42;80m▄[38;2;31;23;42m▄[38;2;52;42;81m▄▄▄▄[38;2;43;35;66m▄[0m    [0m
                            [0m
                            [0m
