[0m                            [0m
                            [0m
     [38;2;77;54;72;48;2;134;91;123m▌[0m[38;2;179;118;164m▄[38;2;113;74;104m▄[0m   [38;2;142;95;130m▄[38;2;93;59;87m▄[38;2;163;109;144;48;2;126;85;116m▄[0m[38;2;80;51;75m▄[38;2;78;50;73m▄[38;2;69;43;62m▄[38;2;89;58;78m▄[38;2;64;41;59m▄[38;2;163;108;150m▄[38;2;171;115;152;48;2;117;84;107m▄[38;2;135;93;118;48;2;60;42;54m▌[0m      [0m
     [7m[38;2;45;30;40m▌[0m[38;2;116;77;100;48;2;162;109;142m▄[38;2;157;106;134;48;2;184;123;167m▄[38;2;151;103;129;48;2;109;84;97m▌[38;2;129;91;117;48;2;48;38;45m▄[38;2;119;78;105;48;2;153;102;134m▌[38;2;146;98;128;48;2;135;92;115m▌[38;2;137;94;116;48;2;152;103;129m▌[38;2;150;102;127;48;2;127;85;108m▌[38;2;145;98;124;48;2;166;112;145m▌[38;2;154;103;137;48;2;105;70;92m▌[38;2;147;99;124;48;2;134;89;116m▄[38;2;151;103;127;48;2;130;87;113m▄[38;2;156;106;134;48;2;186;123;170m▄[38;2;124;94;109;48;2;170;114;150m▄[38;2;70;56;65;48;2;131;93;112m▄[0m[38;2;41;26;37m▌[0m      [0m
      [7m[38;2;90;59;78m▌[0m[38;2;139;91;124;48;2;165;110;146m▌[38;2;190;126;174;48;2;176;118;157m▄[38;2;180;120;162;48;2;172;116;153m▌[38;2;170;114;150m▄[38;2;161;109;139;48;2;151;103;127m▌[38;2;151;103;127m▄▄▄▄▄[48;2;137;98;117m▌[38;2;104;88;95;48;2;123;94;108m▄[38;2;101;86;94;48;2;90;75;84m▌[38;2;99;74;90;48;2;129;88;111m▌[38;2;126;86;107;48;2;88;59;76m▌[0m      [0m
      [38;2;47;28;44;48;2;117;77;102m▌[38;2;130;84;112;48;2;174;116;158m▄[38;2;154;84;100;48;2;185;123;169m▄[38;2;144;97;121;48;2;158;107;136m▄[38;2;132;96;114;48;2;151;103;127m▄[38;2;151;103;127m▄[38;2;184;122;167;48;2;163;110;142m▄[38;2;165;110;148;48;2;133;86;112m▌[38;2;160;63;56;48;2;143;95;118m▄[38;2;210;86;73;48;2;159;76;90m▄[38;2;128;84;112;48;2;151;103;127m▌[38;2;151;103;127;48;2;150;102;126m▄[48;2;136;98;117m▄[48;2;121;88;107m▄[38;2;138;93;119;48;2;106;86;97m▄[38;2;107;82;98;48;2;97;77;88m▌[0m[38;2;57;48;52m▌[0m     [0m
   [38;2;90;65;82m▄[38;2;156;105;134;48;2;53;36;47m▄[38;2;149;102;125;48;2;114;79;97m▄[38;2;143;99;122;48;2;150;102;126m▌[38;2;113;79;99;48;2;141;97;118m▄[38;2;148;98;119;48;2;198;89;76m▄[38;2;134;78;103;48;2;130;59;57m▄[38;2;114;80;98;48;2;142;100;121m▌[38;2;151;103;127;48;2;151;103;127m▄[38;2;147;99;126;48;2;143;78;98m▌[38;2;137;80;104;48;2;168;64;54m▄[38;2;148;91;113;48;2;220;90;69m▄[38;2;140;95;118;48;2;183;90;90m▄[38;2;155;143;149;48;2;136;92;116m▄[38;2;140;109;130;48;2;140;95;118m▄[38;2;142;100;121;48;2;151;103;127m▄[38;2;130;96;113m▄[38;2;141;99;120m▄[38;2;150;102;126;48;2;148;100;124m▄[38;2;135;96;116;48;2;79;54;68m▄[0m[38;2;83;70;76m▄[0m    [0m
  [7m[38;2;80;55;74m▌[0m[38;2;122;81;107;48;2;154;103;139m▄[38;2;147;101;125;48;2;125;93;109m▌[38;2;106;86;96;48;2;78;63;72m▌[38;2;107;72;90;48;2;148;101;124m▌[38;2;143;97;122;48;2;149;119;138m▌[38;2;162;149;160;48;2;138;129;136m▌[38;2;194;194;194;48;2;123;94;111m▄[38;2;245;245;245;48;2;126;100;113m▄[38;2;246;246;246;48;2;127;100;113m▄[38;2;199;196;199;48;2;116;88;102m▄[38;2;224;224;224;48;2;120;93;107m▄[38;2;180;172;180;48;2;120;89;114m▄[38;2;198;195;198;48;2;145;136;143m▄[38;2;146;131;146;48;2;183;175;181m▌[38;2;139;95;119;48;2;141;110;130m▄[38;2;123;93;108;48;2;105;88;96m▌[38;2;102;86;94;48;2;103;88;95m▄[38;2;82;65;78;48;2;105;88;96m▄[38;2;86;72;80;48;2;119;93;106m▄[38;2;96;82;89;48;2;110;89;99m▄[38;2;103;88;95;48;2;102;87;94m▄[38;2;100;85;92;48;2;78;61;73m▌[0m   [0m
    [7m[38;2;51;36;44m▄[0m [7m[38;2;82;55;70m▌[0m[38;2;140;96;118;48;2;150;102;126m▄[38;2;150;102;126;48;2;137;103;124m▄[38;2;136;101;120;48;2;179;176;179m▄[38;2;156;132;148;48;2;245;245;245m▄[38;2;191;182;190;48;2;247;247;247m▄[38;2;219;213;219;48;2;157;151;157m▌[38;2;181;171;179;48;2;236;236;236m▄[38;2;138;110;129;48;2;196;196;196m▄[38;2;144;107;126;48;2;202;196;201m▄[38;2;146;101;124;48;2;131;86;114m▄[38;2;130;96;113;48;2;109;89;99m▌[38;2;103;88;95;48;2;103;88;95m▄[38;2;101;85;93m▄[38;2;92;74;86;48;2;98;83;91m▄[38;2;109;82;97;48;2;28;21;27m▄[0m [7m[38;2;60;51;56m▄[38;2;57;44;54m▄[0m   [0m
      [38;2;179;119;164;48;2;110;71;98m▄[38;2;178;119;160;48;2;134;91;118m▄[38;2;132;92;115;48;2;139;98;119m▌[38;2;133;96;114;48;2;150;102;126m▄[38;2;140;99;119m▄[38;2;148;102;125;48;2;145;99;123m▄[38;2;146;101;124;48;2;145;98;123m▄[38;2;137;98;117;48;2;146;99;123m▄[38;2;124;94;108;48;2;150;102;126m▄[38;2;106;88;97;48;2;146;101;123m▄[38;2;103;88;95;48;2;114;91;102m▄[38;2;102;86;94;48;2;112;90;101m▌[38;2;147;101;124;48;2;114;91;102m▄[38;2;151;103;127;48;2;136;97;117m▄[38;2;150;102;126;48;2;118;83;100m▄[38;2;108;80;95;48;2;91;71;84m▌[38;2;50;42;47;48;2;120;90;106m▄[0m[7m[38;2;42;27;39m▄[0m    [0m
     [7m[38;2;63;43;55m▌[0m[38;2;117;82;99;48;2;180;120;162m▄[38;2;130;96;113;48;2;156;106;134m▄[38;2;104;88;95;48;2;132;96;114m▄[38;2;93;79;86;48;2;108;81;97m▄[38;2;74;56;66;48;2;130;94;113m▄[38;2;96;65;88;48;2;130;97;116m▄[38;2;138;96;127;48;2;103;88;95m▄▄[38;2;122;86;109;48;2;105;88;96m▄[38;2;63;43;56;48;2;113;90;103m▄[38;2;75;56;71;48;2;109;82;98m▄[38;2;99;79;93;48;2;109;88;99m▌[38;2;103;88;95;48;2;141;99;120m▄[38;2;116;91;104;48;2;150;102;126m▄[38;2;117;92;104;48;2;151;103;127m▄[38;2;130;96;113;48;2;90;67;80m▌[0m      [0m
     [7m[38;2;46;29;43m▌[0m[38;2;23;17;20;48;2;92;66;84m▄[38;2;27;21;24;48;2;113;88;101m▄[38;2;21;18;19;48;2;101;86;93m▄[0m[7m[38;2;72;61;67m▄[0m       [7m[38;2;45;37;42m▄[0m[38;2;67;48;64;48;2;102;76;93m▌[38;2;75;54;65;48;2;103;87;95m▄[38;2;79;54;70;48;2;100;85;92m▄[0m[38;2;69;52;62m▌[0m      [0m
                            [0m
                            [0m
