[0m                            [0m
      [38;2;90;95;103m▄[38;2;165;167;178m▄[38;2;86;89;96m▄[0m    [38;2;166;170;182m▄[0m              [0m
      [7m[38;2;132;136;147m▄[0m[38;2;178;180;188;48;2;230;231;234m▌[38;2;241;242;245;48;2;219;222;228m▌[38;2;212;220;236;48;2;176;185;200m▄[0m[38;2;84;90;111m▌[7m[38;2;160;167;185m▌[0m[38;2;210;218;235;48;2;178;184;197m▄[38;2;217;224;239;48;2;171;179;197m▌[0m[38;2;83;86;100m▄[0m             [0m
     [38;2;85;114;163;48;2;79;94;134m▌[0m [7m[38;2;84;90;111m▌[0m[38;2;125;151;197;48;2;224;229;238m▄[38;2;122;161;218;48;2;184;193;212m▄[38;2;97;128;189;48;2;115;127;163m▄[38;2;89;118;174;48;2;109;146;213m▌[38;2;114;148;204;48;2;115;128;166m▄[38;2;125;161;219;48;2;94;107;141m▄[0m[38;2;102;111;141m▄[38;2;101;126;179m▄[38;2;69;84;117m▄[0m           [0m
     [38;2;29;32;49;48;2;103;111;143m▌[38;2;114;122;153;48;2;84;89;113m▌[38;2;99;125;173;48;2;123;163;221m▄[38;2;100;122;168;48;2;129;174;239m▄[38;2;96;108;144;48;2;92;116;172m▄[38;2;107;124;167;48;2;83;102;149m▄[38;2;116;154;221;48;2;93;126;184m▄[38;2;108;136;188;48;2;93;102;134m▌[38;2;95;101;129;48;2;111;119;149m▌[38;2;94;100;127;48;2;130;133;117m▄[38;2;146;151;154;48;2;185;186;151m▄[38;2;133;160;211;48;2;107;146;216m▌[38;2;96;112;158;48;2;45;52;76m▄[0m[38;2;52;69;103m▄[0m         [0m
    [38;2;57;67;92m▄[38;2;83;101;141;48;2;88;106;151m▌[38;2;113;133;180;48;2;117;125;157m▄[38;2;117;125;157;48;2;103;109;142m▄[38;2;117;117;147;48;2;145;148;166m▌[38;2;148;164;200;48;2;96;110;147m▄[38;2;118;160;229;48;2;111;150;220m▄[38;2;129;174;240;48;2;109;139;196m▄[38;2;107;137;196;48;2;96;116;164m▄[38;2;113;122;122;48;2;91;97;122m▄[38;2;124;141;173;48;2;109;114;120m▄[38;2;170;177;188;48;2;100;113;154m▄[38;2;119;124;139;48;2;112;125;163m▄[38;2;137;144;142;48;2;200;191;142m▌[38;2;172;180;192;48;2;104;140;208m▌[0m[38;2;67;87;132m▌[0m [38;2;80;84;96m▄[38;2;68;73;82m▄[0m     [0m
    [7m[38;2;58;68;96m▄[0m[38;2;48;54;77;48;2;90;100;132m▌[38;2;110;120;153;48;2;106;126;176m▄[38;2;95;118;170;48;2;108;115;147m▄[38;2;139;149;160;48;2;135;105;124m▄[38;2;177;167;122;48;2;136;163;214m▄[38;2;152;156;143;48;2;114;153;222m▄[38;2;118;126;158;48;2;115;141;195m▄[38;2;114;121;151;48;2;91;99;127m▄[38;2;182;191;208;48;2;126;139;174m▄[38;2;203;207;215;48;2;233;234;236m▄[38;2;210;211;213;48;2;170;173;165m▌[38;2;184;184;119;48;2;169;171;124m▄[38;2;140;145;147;48;2;118;126;157m▌[38;2;119;124;138;48;2;114;138;191m▄[38;2;134;149;177;48;2;106;122;157m▄[38;2;211;214;222;48;2;232;236;242m▌[38;2;209;211;218;48;2;157;161;172m▌[38;2;145;149;160;48;2;89;94;110m▌[0m     [0m
    [38;2;51;60;84m▄[38;2;91;111;157m▄[38;2;90;97;117;48;2;163;162;139m▌[38;2;164;160;118;48;2;162;146;106m▌[38;2;169;117;81;48;2;152;64;29m▌[38;2;60;10;0;48;2;123;119;115m▄[38;2;5;5;2;48;2;110;112;74m▄[38;2;113;100;59;48;2;125;131;129m▄[38;2;121;123;125;48;2;115;122;153m▄[38;2;78;83;111;48;2;117;121;134m▄[38;2;137;141;150;48;2;197;190;166m▄[38;2;183;172;140;48;2;202;185;134m▌[38;2;182;178;119;48;2;143;147;132m▌[38;2;121;129;158;48;2;114;120;145m▄[38;2;114;133;164;48;2;186;186;147m▄[38;2;49;58;87;48;2;126;138;165m▄[38;2;76;85;111;48;2;211;219;235m▄[38;2;109;116;130;48;2;175;184;202m▄[0m[38;2;101;107;122m▌[0m     [0m
    [7m[38;2;84;90;106m▄[38;2;207;209;215m▄[0m[38;2;111;117;126;48;2;211;214;219m▄[0m[7m[38;2;165;171;180m▄[0m[38;2;64;80;110;48;2;132;108;62m▄[38;2;168;127;89;48;2;126;36;8m▄[38;2;231;107;100;48;2;114;23;17m▄[38;2;210;68;66;48;2;178;58;45m▄[38;2;185;140;91;48;2;182;165;110m▌[38;2;192;174;118;48;2;234;212;143m▌[38;2;215;200;140;48;2;152;153;120m▌[38;2;128;134;151;48;2;94;113;136m▄[38;2;125;135;138;48;2;106;125;159m▄[38;2;90;120;171;48;2;95;105;139m▄[38;2;96;127;184;48;2;112;147;209m▌[38;2;113;134;183;48;2;112;149;212m▄[38;2;114;121;150;48;2;115;147;201m▄[38;2;181;192;216;48;2;113;147;199m▄[38;2;171;188;218;48;2;66;81;108m▄[0m[38;2;137;163;205m▄[0m    [0m
      [38;2;88;87;54m▄[38;2;189;177;135;48;2;44;51;63m▄[38;2;102;130;175;48;2;169;161;130m▌[38;2;197;183;130;48;2;158;150;106m▌[38;2;184;160;124;48;2;222;141;135m▄[38;2;193;106;81;48;2;191;148;124m▌[38;2;152;143;116;48;2;184;166;124m▄[38;2;112;112;112;48;2;144;146;134m▌[38;2;124;124;96;48;2;121;128;158m▄[38;2;133;134;144;48;2;106;123;164m▌[38;2;126;156;212;48;2;121;128;133m▄[38;2;109;125;165;48;2;88;108;157m▌[38;2;86;110;161;48;2;65;69;91m▌[0m[7m[38;2;59;62;86m▄[38;2;45;46;75m▄[0m[38;2;44;44;74;48;2;62;68;104m▄[0m[7m[38;2;195;200;211m▄[0m[38;2;135;138;153;48;2;220;222;230m▄[0m[38;2;137;141;153m▌[0m   [0m
     [7m[38;2;97;96;60m▌[0m[38;2;225;207;138;48;2;243;220;148m▌[38;2;165;173;174;48;2;218;204;138m▄[38;2;95;121;175;48;2;112;128;155m▄[38;2;87;97;126;48;2;106;122;162m▄[38;2;126;128;109;48;2;101;102;97m▄[38;2;43;45;67;48;2;109;113;131m▄[38;2;33;35;52;48;2;105;112;141m▄[38;2;84;101;146;48;2;67;69;75m▄[38;2;123;152;209;48;2;164;157;141m▄[38;2;150;170;205;48;2;122;148;203m▄[38;2;115;124;156;48;2;185;181;167m▄[38;2;80;84;118;48;2;117;119;139m▄[0m[38;2;57;67;95m▌[0m         [0m
      [38;2;75;75;45;48;2;179;177;111m▄[38;2;149;157;149;48;2;117;139;186m▌[38;2;116;147;209;48;2;163;172;180m▌[38;2;136;148;163;48;2;87;100;132m▌[38;2;134;130;128;48;2;91;98;125m▄[38;2;134;152;186;48;2;109;116;149m▄[38;2;120;142;188;48;2;102;116;158m▄[38;2;194;185;161;48;2;142;166;202m▄[38;2;120;131;168;48;2;113;141;199m▄[38;2;96;102;134;48;2;184;172;148m▄[38;2;45;48;63;48;2;121;126;151m▄[0m [7m[38;2;59;62;83m▄[0m[38;2;50;61;89m▄[38;2;34;44;69;48;2;66;84;124m▄[0m       [0m
       [38;2;30;39;55;48;2;88;99;130m▄[38;2;28;36;56;48;2;96;109;151m▄[0m[7m[38;2;84;106;156m▄[0m[38;2;24;25;32;48;2;118;124;147m▄[38;2;22;23;30;48;2;122;131;160m▄[38;2;27;28;40;48;2;100;109;145m▄[0m[7m[38;2;107;115;147m▄[38;2;77;83;105m▄[0m             [0m
                            [0m
