[0m                            [0m
                            [0m
      [7m[38;2;175;179;189m▌[0m[38;2;217;219;221;48;2;121;123;123m▄[0m                    [0m
      [7m[38;2;58;61;68m▌[0m[38;2;171;178;199;48;2;225;227;233m▌[38;2;225;226;226;48;2;122;124;125m▌[0m[38;2;53;56;60m▄[38;2;186;191;204;48;2;111;117;125m▄[0m     [38;2;45;132;156m▄[0m           [0m
     [7m[38;2;93;96;103m▌[0m[38;2;190;195;212;48;2;84;86;87m▄[38;2;149;156;172;48;2;162;169;191m▌[38;2;163;170;194;48;2;200;205;220m▄[38;2;171;179;204;48;2;162;170;191m▄[48;2;191;196;214m▌[0m[38;2;103;105;111m▌[0m    [7m[38;2;23;100;122m▌[0m[38;2;40;154;180;48;2;60;136;158m▄[0m[38;2;34;83;102m▄[0m         [0m
      [38;2;63;66;73;48;2;150;158;178m▌[38;2;158;166;189;48;2;124;130;145m▌[38;2;116;129;149;48;2;145;152;172m▄[38;2;76;132;162;48;2;171;179;204m▄[38;2;45;125;154m▄[38;2;13;147;178;48;2;80;95;109m▄[38;2;7;134;165;48;2;15;62;86m▄[38;2;19;60;71;48;2;16;106;139m▄[38;2;21;57;67;48;2;14;116;149m▄[38;2;17;100;118;48;2;15;115;136m▌[38;2;5;157;192;48;2;16;105;126m▄[38;2;0;170;211;48;2;15;121;154m▄[38;2;25;175;212;48;2;9;138;177m▄[0m[38;2;67;147;168m▄[0m  [38;2;10;108;140m▄[38;2;15;110;139m▌[0m    [0m
    [38;2;14;63;92m▄[38;2;21;80;107;48;2;11;55;77m▄[38;2;48;67;75;48;2;30;103;128m▄[38;2;78;87;97;48;2;155;162;183m▌[38;2;124;135;151;48;2;25;93;109m▌[38;2;18;92;108;48;2;15;130;155m▄[38;2;15;129;153m▄[38;2;5;157;194;48;2;0;170;211m▌[38;2;0;171;212;48;2;0;171;212m▄[38;2;0;170;211;48;2;2;164;203m▌[38;2;4;156;194;48;2;12;119;151m▌[38;2;21;60;81;48;2;22;40;49m▄[38;2;19;74;92;48;2;15;125;150m▌[38;2;15;130;155;48;2;10;143;174m▄[38;2;12;136;163;48;2;3;162;199m▄[38;2;6;152;186;48;2;30;165;201m▄[38;2;41;157;187;48;2;21;116;151m▌[38;2;20;107;134;48;2;10;59;84m▄[38;2;16;116;142;48;2;13;134;163m▄[0m[38;2;13;37;51m▌[0m    [0m
   [38;2;22;72;108;48;2;13;43;67m▄[38;2;23;28;33;48;2;22;61;88m▄[38;2;20;77;102;48;2;23;23;23m▄[38;2;21;105;127;48;2;55;59;68m▄[38;2;152;160;180;48;2;171;179;204m▌[38;2;134;142;156;48;2;68;79;95m▌[38;2;130;143;164;48;2;55;59;67m▄[38;2;15;99;134;48;2;23;41;53m▄[38;2;22;55;79;48;2;17;113;148m▄[38;2;17;115;147;48;2;7;152;185m▄[38;2;15;130;155;48;2;13;135;162m▄[48;2;14;130;155m▄[38;2;15;128;154;48;2;19;93;125m▌[38;2;22;29;35;48;2;20;72;87m▌[38;2;15;130;155;48;2;15;130;155m▄▄[48;2;15;126;150m▄[38;2;15;124;154;48;2;63;160;185m▄[38;2;23;115;145;48;2;76;184;210m▄[38;2;122;165;182;48;2;21;95;116m▄[38;2;203;206;209;48;2;17;82;104m▄[38;2;84;120;129;48;2;35;59;65m▌[0m   [0m
   [38;2;20;63;91;48;2;19;93;115m▌[38;2;15;130;155;48;2;17;106;132m▄[48;2;15;129;154m▄[48;2;16;121;144m▄[38;2;71;116;132;48;2;157;165;187m▌[38;2;171;179;204;48;2;154;161;182m▄[38;2;128;145;165;48;2;34;121;143m▌[38;2;7;150;182;48;2;0;169;210m▄[38;2;0;169;209;48;2;10;126;155m▄[38;2;12;122;153;48;2;19;102;135m▄[38;2;18;114;146;48;2;15;130;155m▄[38;2;10;141;177m▄[38;2;4;158;194;48;2;12;138;167m▄[38;2;7;148;181;48;2;9;140;173m▌[38;2;17;105;131;48;2;15;124;151m▄[38;2;15;130;155;48;2;15;130;155m▄[48;2;15;129;154m▌[38;2;112;141;167;48;2;35;124;152m▄[38;2;171;179;204;48;2;146;163;190m▄[38;2;176;183;206;48;2;213;216;226m▄[38;2;149;162;172;48;2;35;120;143m▌[0m[38;2;40;133;162m▄[0m   [0m
  [7m[38;2;15;52;63m▌[0m[38;2;15;130;155;48;2;15;125;149m▄[48;2;15;130;155m▄▄▄[38;2;15;129;154;48;2;37;114;133m▄[38;2;36;121;146;48;2;157;164;187m▄[38;2;29;121;143;48;2;15;130;155m▌[38;2;15;130;155m▄[48;2;10;142;171m▄[38;2;11;141;170;48;2;4;160;197m▄[38;2;16;109;130;48;2;19;90;114m▌[38;2;22;89;130;48;2;17;118;150m▄[38;2;22;82;123;48;2;17;112;138m▄[38;2;18;93;112;48;2;16;118;140m▌[38;2;15;130;155;48;2;16;118;141m▄[38;2;15;128;153;48;2;15;130;155m▄[38;2;16;118;147;48;2;74;140;164m▌[38;2;153;164;187;48;2;163;171;194m▌[38;2;165;173;194;48;2;175;182;200m▌[38;2;156;163;184;48;2;220;222;226m▄[38;2;178;182;189;48;2;106;116;123m▌[0m[7m[38;2;110;94;61m▄[0m   [0m
  [7m[38;2;75;88;71m▌[0m[38;2;64;130;143;48;2;15;128;154m▌[38;2;15;130;155;48;2;15;130;155m▄▄[38;2;15;129;154m▄[38;2;16;116;141m▄[38;2;18;104;133m▄[38;2;17;108;128m▄▄[38;2;17;108;131m▄[38;2;15;125;151m▄[38;2;15;130;155;48;2;16;114;136m▌[38;2;20;43;57;48;2;22;87;129m▄[38;2;16;116;139;48;2;21;81;110m▄[38;2;15;130;155;48;2;15;129;154m▄▄[38;2;15;126;151;48;2;17;108;131m▄[38;2;17;111;136;48;2;17;112;137m▄[38;2;17;111;138;48;2;56;119;143m▄[38;2;124;144;165;48;2;169;177;202m▌[38;2;142;130;111;48;2;159;164;181m▄[0m[38;2;93;79;55m▌[0m    [0m
   [38;2;113;95;58;48;2;135;141;113m▌[38;2;99;119;115;48;2;17;126;153m▄[38;2;17;115;140;48;2;16;118;146m▄[38;2;15;129;154;48;2;18;102;131m▄[38;2;15;130;155;48;2;16;115;140m▄[48;2;15;129;154m▄[48;2;15;130;155m▄▄[48;2;15;128;153m▄[48;2;17;112;139m▄[38;2;15;127;153;48;2;18;103;132m▄[0m[38;2;13;71;89m▄[7m[38;2;16;77;99m▄[0m[38;2;17;84;111;48;2;15;129;154m▄[38;2;15;127;153;48;2;15;130;155m▄[38;2;15;130;155m▄[38;2;16;121;148;48;2;19;93;117m▌[38;2;17;113;138;48;2;18;99;123m▌[38;2;16;128;152;48;2;57;111;135m▌[0m[38;2;151;129;84m▌[0m     [0m
    [7m[38;2;33;54;51m▄[38;2;8;76;91m▄▄▄▄▄▄▄▄▄[38;2;9;74;89m▄[0m   [7m[38;2;10;64;81m▄[38;2;9;66;78m▄[38;2;10;62;74m▄[38;2;9;75;90m▄[38;2;52;53;45m▄[0m     [0m
                            [0m
