[0m                            [0m
         [38;2;55;72;93m▄[38;2;81;105;138m▄[0m                 [0m
      [38;2;120;163;206m▄[38;2;130;177;217m▄[38;2;135;185;228;48;2;90;115;149m▄[38;2;126;163;196;48;2;86;112;143m▄[38;2;183;181;183;48;2;98;135;177m▄[0m[38;2;128;153;179m▄[38;2;99;145;185m▄[38;2;111;153;193;48;2;84;109;139m▄[38;2;96;150;192;48;2;33;45;59m▄[0m             [0m
     [7m[38;2;66;83;106m▄[0m[38;2;56;19;22;48;2;110;79;104m▄[38;2;120;22;29;48;2;111;130;171m▄[38;2;121;44;60;48;2;110;171;220m▄[38;2;116;110;141;48;2;101;159;202m▄[38;2;102;157;200;48;2;127;178;220m▌[38;2;128;177;219;48;2;108;157;205m▌[38;2;110;154;206;48;2;87;111;153m▌[38;2;82;101;141;48;2;98;122;172m▄[0m[7m[38;2;97;139;182m▄[0m             [0m
        [38;2;88;30;43;48;2;168;30;24m▌[38;2;209;73;31;48;2;156;3;2m▄[38;2;204;87;42;48;2;117;51;65m▄[38;2;212;166;89;48;2;137;123;135m▄[38;2;178;167;142;48;2;122;140;185m▄[38;2;100;122;172;48;2;45;55;75m▌[0m              [0m
       [7m[38;2;106;77;52m▌[0m[38;2;155;142;87;48;2;170;82;48m▄[38;2;228;201;115;48;2;194;126;69m▄[38;2;214;184;107;48;2;226;199;112m▌[38;2;222;205;133;48;2;223;191;103m▄[38;2;167;168;154;48;2;81;94;120m▌[0m               [0m
        [7m[38;2;137;128;82m▌[0m[38;2;246;230;142;48;2;235;216;131m▄[38;2;246;230;143;48;2;244;226;138m▄[38;2;226;219;159;48;2;145;163;187m▌[0m[38;2;74;90;122m▌[0m [38;2;86;78;76m▄[38;2;114;103;103m▄[38;2;214;198;190;48;2;118;109;104m▄[0m[38;2;53;47;48m▌[0m          [0m
        [38;2;203;186;112;48;2;244;228;141m▌[38;2;247;231;143;48;2;247;231;143m▄[48;2;239;227;150m▌[38;2;134;178;212;48;2;111;145;199m▌[38;2;102;124;172;48;2;112;115;134m▌[38;2;138;125;124;48;2;209;193;187m▄[38;2;164;149;144;48;2;211;195;187m▄[38;2;189;173;166;48;2;199;184;176m▄[38;2;195;179;172;48;2;171;155;147m▄[48;2;156;143;139m▄[38;2;204;188;180;48;2;153;141;137m▄[0m[38;2;179;164;157m▄[38;2;156;142;136;48;2;85;77;75m▄[0m[38;2;98;88;87m▌[0m      [0m
       [38;2;240;224;138;48;2;174;159;96m▄[38;2;247;231;143;48;2;247;231;143m▄▄[48;2;239;227;150m▌[38;2;132;182;215;48;2;111;175;223m▌[38;2;102;160;206;48;2;109;167;215m▄[38;2;96;146;189;48;2;95;111;144m▄[38;2;100;119;164;48;2;141;132;136m▄[38;2;162;148;147;48;2;190;175;167m▌[38;2;168;152;146;48;2;206;190;182m▄[38;2;173;157;149;48;2;193;177;169m▄[38;2;180;165;157;48;2;172;156;150m▄[38;2;143;128;124;48;2;166;151;144m▄[38;2;158;142;134;48;2;126;113;108m▌[0m[38;2;132;118;118m▄[0m      [0m
      [38;2;115;106;66;48;2;231;215;133m▌[38;2;247;231;143;48;2;247;231;143m▄▄▄[48;2;243;229;146m▌[38;2;187;206;190;48;2;117;178;223m▌[38;2;103;162;207;48;2;76;111;150m▄[38;2;92;138;182;48;2;109;170;218m▌[38;2;84;120;162;48;2;101;133;183m▄[38;2;108;130;182;48;2;122;125;149m▄[38;2;128;122;135;48;2;144;128;125m▄[38;2;116;103;101;48;2;133;117;115m▄[38;2;134;119;117;48;2;142;132;137m▌[38;2;94;106;141;48;2;144;130;128m▄[38;2;105;112;141;48;2;138;122;120m▄[38;2;127;117;121;48;2;97;85;85m▌[0m      [0m
    [38;2;70;93;124m▄[38;2;128;167;210m▄[38;2;124;136;127;48;2;208;196;131m▌[38;2;239;220;133;48;2;247;231;143m▄[38;2;247;231;143m▄▄[38;2;246;230;142m▄[38;2;238;217;130;48;2;224;221;165m▄[38;2;182;186;164;48;2;116;165;212m▄[38;2;109;144;194;48;2;111;158;209m▄[38;2;109;148;188;48;2;104;138;189m▄[38;2;119;159;196;48;2;107;130;184m▄[38;2;101;148;189;48;2;106;128;180m▄[38;2;92;134;178;48;2;102;124;175m▄[38;2;92;122;169;48;2;108;130;184m▄[38;2;95;117;166;48;2;79;101;143m▌[38;2;111;135;191;48;2;105;128;182m▄[38;2;110;145;199;48;2;85;103;145m▄[0m[38;2;90;137;177m▄[38;2;42;63;82m▄[0m    [0m
  [7m[38;2;49;67;90m▄[0m[38;2;59;87;114;48;2;92;143;185m▄[38;2;113;126;148;48;2;113;172;220m▄[38;2;152;140;113;48;2;119;175;221m▄[38;2;179;155;92;48;2;124;157;195m▄[38;2;97;87;59;48;2;163;150;116m▄[38;2;57;52;37;48;2;219;190;106m▄[38;2;155;132;72;48;2;226;196;108m▄[38;2;188;161;88;48;2;226;197;109m▄[38;2;221;189;102;48;2;233;209;122m▄[48;2;228;201;115m▄[38;2;184;167;106;48;2;145;166;171m▄[38;2;181;186;152;48;2;122;181;227m▄[38;2;189;197;167;48;2;133;188;231m▄[38;2;148;180;191;48;2;117;178;225m▄[38;2;148;171;183;48;2;111;175;223m▄[38;2;148;161;173;48;2;110;169;218m▄[38;2;173;165;147;48;2;101;126;177m▄[38;2;186;177;139;48;2;90;113;158m▄[38;2;165;153;105;48;2;105;137;164m▄[38;2;83;74;46;48;2;116;169;207m▄[0m[7m[38;2;119;172;211m▄[38;2;95;137;181m▄[0m   [0m
            [7m[38;2;50;44;29m▄[0m  [7m[38;2;58;50;29m▄[38;2;139;118;64m▄[38;2;141;122;70m▄▄[38;2;137;116;62m▄[0m        [0m
                            [0m
