[0m                            [0m
          [38;2;48;114;157m▄[38;2;93;178;231;48;2;17;34;45m▄[0m[38;2;105;182;228m▄[0m               [0m
    [7m[38;2;38;84;112m▌[0m[38;2;49;108;143;48;2;56;125;168m▌[38;2;57;122;164;48;2;61;150;209m▄[38;2;56;134;185;48;2;48;122;170m▄[0m[38;2;48;123;170m▄[38;2;17;51;70;48;2;50;109;146m▌[38;2;57;122;163;48;2;56;122;164m▌[38;2;56;121;162;48;2;50;109;145m▄[38;2;45;103;139;48;2;66;139;184m▄[38;2;76;164;221;48;2;47;116;161m▌[0m[38;2;41;86;113m▄[38;2;51;99;128m▄[0m            [0m
    [38;2;9;23;31;48;2;41;92;124m▌[38;2;52;113;152;48;2;57;122;163m▄[38;2;38;90;121;48;2;49;108;145m▄[38;2;51;112;151;48;2;57;127;172m▌[38;2;57;122;163;48;2;59;135;184m▄[48;2;49;109;147m▄[38;2;53;116;156;48;2;48;105;141m▄[38;2;51;112;149;48;2;52;114;152m▌[38;2;57;122;163;48;2;47;105;141m▄[38;2;76;149;196;48;2;51;112;150m▄[38;2;94;176;227;48;2;88;165;213m▄[0m[38;2;47;96;125m▌[0m            [0m
     [7m[38;2;12;31;42m▌[0m[38;2;45;99;133;48;2;54;116;155m▌[38;2;26;69;88;48;2;38;90;118m▄[38;2;51;111;148;48;2;57;122;163m▌[38;2;57;122;163m▄▄▄▄[38;2;58;123;165;48;2;77;154;203m▌[38;2;103;183;235;48;2;156;192;215m▌[38;2;106;142;164;48;2;66;112;141m▌[0m            [0m
     [7m[38;2;13;35;47m▌[0m[38;2;56;121;162;48;2;54;117;156m▄[38;2;55;118;158;48;2;42;97;127m▄[38;2;45;102;134;48;2;57;122;163m▄[38;2;57;122;163m▄▄[48;2;67;117;149m▌[38;2;155;149;116;48;2;54;110;145m▄[38;2;59;119;155;48;2;57;122;163m▄[38;2;56;121;162;48;2;93;138;167m▄[38;2;84;149;189;48;2;143;162;175m▄[0m[38;2;70;136;177m▌[0m           [0m
      [38;2;38;85;113;48;2;57;122;163m▌[38;2;57;122;163;48;2;54;116;155m▄[48;2;40;92;120m▄[48;2;57;122;163m▄▄[48;2;89;106;106m▌[38;2;205;181;121;48;2;221;196;130m▌[38;2;221;196;130;48;2;160;154;115m▄[38;2;219;195;134;48;2;77;113;128m▄[38;2;68;108;127;48;2;62;131;174m▄[0m[38;2;55;110;143m▌[0m           [0m
      [38;2;34;78;104;48;2;57;122;163m▌[38;2;57;122;163m▄▄▄▄[38;2;99;132;148;48;2;96;86;64m▌[0m[7m[38;2;79;69;46m▄[38;2;114;100;66m▄[38;2;93;82;62m▄[0m             [0m
     [7m[38;2;19;50;66m▌[0m[38;2;54;116;156;48;2;57;122;163m▌[38;2;57;122;163m▄▄▄▄[0m[38;2;40;90;121m▌[0m                [0m
     [38;2;11;31;40;48;2;51;111;148m▌[38;2;51;112;150;48;2;57;122;163m▄[38;2;57;122;163m▄▄▄▄[38;2;51;111;149;48;2;17;42;55m▌[0m  [38;2;57;53;52m▄[38;2;182;172;167m▄[38;2;149;141;138m▄[0m           [0m
    [7m[38;2;14;38;51m▌[0m[38;2;43;96;129;48;2;53;115;154m▌[38;2;57;122;163;48;2;47;104;138m▄[48;2;57;122;163m▄[38;2;54;116;155m▄[38;2;106;114;126;48;2;55;118;157m▄[38;2;177;164;161;48;2;72;107;132m▄[38;2;155;147;142;48;2;126;131;136m▄[38;2;144;134;131;48;2;179;171;166m▄[38;2;147;134;133;48;2;207;199;192m▄[38;2;162;151;148;48;2;142;129;129m▌[38;2;166;151;150;48;2;194;184;178m▌[38;2;212;204;196;48;2;170;161;156m▌[0m[38;2;196;187;182m▄[38;2;170;162;157m▄[0m [38;2;140;130;128m▄[38;2;151;143;140m▄[0m      [0m
   [7m[38;2;14;34;47m▌[0m[38;2;50;110;146;48;2;35;79;105m▄[38;2;42;90;117;48;2;72;112;139m▌[38;2;131;119;120;48;2;59;113;149m▄[38;2;154;138;138;48;2;75;107;130m▄[38;2;117;105;105;48;2;125;121;126m▄[38;2;138;125;125;48;2;150;135;135m▌[38;2;179;165;163;48;2;143;134;131m▄[38;2;189;181;174;48;2;145;132;131m▄[38;2;145;131;131;48;2;162;146;146m▄[38;2;163;147;147;48;2;163;147;147m▄▄▄[38;2;152;137;137;48;2;171;157;156m▄[38;2;153;143;139;48;2;206;198;191m▄[38;2;159;150;146;48;2;214;206;198m▄[38;2;158;145;143;48;2;153;138;138m▌[38;2;162;146;146;48;2;151;136;136m▌[38;2;152;137;137;48;2;105;95;95m▌[0m      [0m
   [38;2;10;26;35;48;2;40;88;118m▌[38;2;40;51;60;48;2;52;101;132m▄[38;2;71;64;64;48;2;144;131;131m▄[38;2;69;62;62;48;2;121;108;108m▄[38;2;83;75;75;48;2;137;123;123m▄[48;2;162;146;146m▄[38;2;75;67;67;48;2;122;110;110m▄[38;2;83;74;74;48;2;162;146;146m▄[38;2;83;75;75;48;2;163;147;147m▄▄▄▄▄[48;2;131;118;118m▄[48;2;161;145;145m▄▄[48;2;143;129;129m▄[48;2;163;147;147m▄[38;2;88;80;79m▄[38;2;108;103;100;48;2;197;189;182m▄[38;2;102;98;94;48;2;52;50;48m▌[0m    [0m
                            [0m
