[0m                            [0m
     [38;2;148;183;154m▄[38;2;56;75;58m▄[0m            [38;2;78;102;83m▄[38;2;138;172;145m▄[38;2;96;124;102m▄[0m      [0m
   [38;2;99;129;103;48;2;147;183;153m▌[38;2;122;154;127;48;2;93;122;96m▌[38;2;145;185;149;48;2;115;147;118m▄[38;2;140;179;144;48;2;103;136;107m▌[0m[38;2;122;155;126m▄[0m  [38;2;124;121;89m▄[38;2;97;94;27m▄[38;2;193;192;154m▄[38;2;162;168;67m▄[38;2;126;122;96m▄[38;2;140;137;98m▄[0m  [7m[38;2;125;154;130m▄[0m[38;2;76;101;79;48;2;119;154;122m▌[38;2;128;167;129;48;2;111;141;116m▄[38;2;117;148;119;48;2;145;176;151m▄[38;2;146;181;153;48;2;110;141;117m▄[0m     [0m
  [7m[38;2;32;43;32m▄[38;2;94;123;94m▄[0m[38;2;89;117;89;48;2;114;150;114m▄[38;2;97;129;99;48;2;116;150;119m▌[38;2;46;59;46;48;2;106;134;112m▄[0m  [38;2;134;166;140m▄[38;2;168;179;153;48;2;204;206;151m▄[38;2;176;178;151;48;2;164;166;74m▄[38;2;212;217;140;48;2;184;189;71m▌[38;2;185;189;100;48;2;179;181;111m▄[38;2;122;148;92;48;2;195;202;98m▄[38;2;112;144;102;48;2;153;162;43m▄[0m[38;2;132;166;137m▄[38;2;181;221;189m▄[38;2;162;197;169;48;2;73;90;75m▄[38;2;135;168;142;48;2;148;185;156m▌[38;2;131;166;138;48;2;157;196;163m▄[38;2;113;147;117;48;2;154;194;160m▄[38;2;150;190;155;48;2;162;202;170m▄[38;2;133;167;139;48;2;41;55;42m▄[0m    [0m
   [7m[38;2;45;59;47m▌[0m[38;2;118;154;123;48;2;144;182;149m▌[38;2;166;206;174;48;2;153;193;158m▄[38;2;178;218;186;48;2;142;175;148m▄[38;2;110;137;114;48;2;131;167;136m▌[38;2;147;185;154;48;2;158;196;166m▌[38;2;161;180;121;48;2;175;213;183m▄[38;2;188;182;107;48;2;167;180;166m▄[38;2;164;142;117;48;2;163;182;161m▌[38;2;151;171;117;48;2;158;174;144m▌[38;2;133;124;80;48;2;152;84;45m▌[38;2;170;174;79;48;2;151;156;151m▄[38;2;171;176;59;48;2;115;137;89m▄[38;2;160;168;61;48;2;114;140;95m▄[38;2;140;177;144;48;2;166;206;174m▌[38;2;174;213;182;48;2;150;189;157m▄[38;2;153;191;161;48;2;143;177;150m▄[38;2;122;155;125;48;2;159;199;166m▄[38;2;98;128;99;48;2;115;152;115m▌[38;2;126;166;126;48;2;127;166;129m▄[38;2;133;170;138;48;2;162;201;169m▄[38;2;166;206;174;48;2;154;191;161m▌[0m[38;2;66;85;70m▌[0m  [0m
    [7m[38;2;103;134;103m▄[0m[38;2;94;124;96;48;2;158;197;164m▄[38;2;85;109;88;48;2;167;207;175m▄[38;2;69;92;72;48;2;142;181;147m▄[38;2;120;152;125;48;2;174;212;182m▌[38;2;176;214;183;48;2;146;175;132m▌[38;2;137;149;87;48;2;183;174;85m▄[38;2;167;88;53;48;2;186;179;86m▄[38;2;215;58;46;48;2;199;197;91m▄[38;2;236;60;52;48;2;181;148;67m▄[38;2;175;95;51;48;2;142;70;49m▄[38;2;146;129;52;48;2;158;170;72m▌[38;2;126;162;124;48;2;144;157;74m▄[38;2;147;186;151;48;2;168;207;175m▌[38;2;153;192;160;48;2;181;221;189m▄[38;2;130;167;134;48;2;166;206;173m▄[38;2;150;189;155;48;2;133;171;137m▌[38;2;97;125;99;48;2;77;100;79m▌[0m[7m[38;2;112;147;112m▄[38;2;138;176;142m▄[38;2;129;165;134m▄[0m   [0m
      [7m[38;2;65;83;67m▌[0m[38;2;188;228;196;48;2;151;185;157m▄[38;2;184;224;192;48;2;170;210;178m▌[38;2;138;174;143;48;2;166;206;174m▄[38;2;168;205;175;48;2;185;224;192m▌[38;2;190;230;198;48;2;169;187;126m▄[38;2;159;197;165;48;2;142;129;65m▄[38;2;113;143;116;48;2;142;134;53m▄[38;2;163;203;169;48;2;136;153;77m▄[38;2;187;227;195;48;2;131;167;129m▄[38;2;171;211;179;48;2;160;200;167m▄[38;2;159;199;166;48;2;167;207;175m▄[38;2;125;157;129;48;2;165;204;173m▄[38;2;186;226;194;48;2;179;219;187m▄[38;2;164;203;171;48;2;131;168;137m▌[38;2;150;187;157;48;2;163;202;171m▄[0m[38;2;71;91;75m▌[0m     [0m
      [38;2;143;179;150;48;2;69;88;72m▄[38;2;148;186;154;48;2;163;202;170m▄[38;2;151;188;158;48;2;164;202;172m▄[38;2;165;205;173;48;2;122;158;126m▄[38;2;171;210;179;48;2;120;150;125m▄[38;2;164;202;171;48;2;148;185;154m▌[38;2;103;135;104;48;2;176;215;184m▄[38;2;112;148;113;48;2;137;175;143m▄[38;2;108;142;112;48;2;167;207;174m▄[38;2;176;215;184;48;2;156;193;164m▄[38;2;150;186;157;48;2;136;173;142m▌[38;2;155;193;163;48;2;121;159;124m▄[38;2;162;200;170;48;2;122;157;128m▄[38;2;136;173;143;48;2;144;182;151m▌[38;2;143;181;148;48;2;131;171;133m▌[38;2;127;167;127;48;2;139;177;143m▄[0m[38;2;82;108;82m▌[0m     [0m
      [7m[38;2;80;104;83m▄[38;2;144;183;149m▄[0m[38;2;52;67;54;48;2;163;203;171m▄[38;2;127;158;134;48;2;167;207;175m▄[38;2;128;165;131;48;2;165;205;172m▄[38;2;131;171;132;48;2;124;164;124m▌[38;2;85;114;86;48;2;93;124;94m▄[38;2;86;113;86;48;2;107;142;108m▄[38;2;73;95;75;48;2;119;151;122m▄[38;2;149;187;153;48;2;188;228;196m▄[38;2;104;134;106;48;2;165;205;173m▄[38;2;107;142;109;48;2;162;202;169m▄[38;2;109;141;110;48;2;167;207;175m▄[38;2;89;118;91;48;2;163;203;171m▄[38;2;45;59;45;48;2;145;185;149m▄[0m[7m[38;2;89;118;90m▄[0m      [0m
        [38;2;78;98;82;48;2;176;215;184m▌[38;2;187;226;195;48;2;168;207;175m▌[38;2;158;197;166;48;2;149;185;156m▄[38;2;115;151;116;48;2;104;133;106m▄[38;2;119;157;119;48;2;122;160;122m▄[38;2;68;92;70;48;2;106;138;106m▄[38;2;33;33;33;48;2;54;56;55m▄[38;2;24;28;25;48;2;81;106;81m▌[38;2;106;140;106;48;2;125;162;129m▌[38;2;151;191;156;48;2;129;166;134m▌[38;2;143;182;148;48;2;138;178;140m▄[38;2;146;185;150;48;2;112;146;116m▌[0m[38;2;32;44;34m▌[0m       [0m
        [7m[38;2;58;75;60m▄[0m[38;2;108;138;111;48;2;140;179;146m▄[38;2;125;162;126;48;2;155;194;161m▄[0m[38;2;45;58;45m▌[0m     [38;2;121;155;127;48;2;138;174;144m▄[38;2;156;195;162;48;2;140;179;145m▄[38;2;108;140;112;48;2;42;56;42m▌[0m        [0m
       [38;2;113;139;118m▄[38;2;118;146;122;48;2;142;176;148m▌[38;2;178;218;186;48;2;161;200;167m▄[38;2;144;180;148;48;2;119;152;122m▌[0m[38;2;87;115;87m▌[0m     [38;2;89;113;93;48;2;153;193;158m▌[38;2;164;203;171;48;2;143;183;147m▄[0m[38;2;167;205;174m▄[38;2;88;110;90m▄[0m       [0m
                 [7m[38;2;66;83;68m▄[38;2;47;60;49m▄[38;2;61;75;63m▄[0m        [0m
                            [0m
