[0m                            [0m
                            [0m
         [38;2;79;67;14m▄[38;2;95;83;24m▄[38;2;119;107;39m▄[38;2;118;107;40m▄[38;2;118;110;58m▄[0m              [0m
    [38;2;69;75;82m▄[38;2;102;110;119m▄[38;2;43;47;52m▄[0m [38;2;72;62;16;48;2;109;93;24m▌[38;2;109;94;25;48;2;122;107;35m▌[38;2;129;113;40;48;2;135;119;44m▌[38;2;125;109;37;48;2;147;131;50m▄[38;2;120;105;36;48;2;146;130;50m▄[38;2;124;109;37;48;2;154;140;58m▄[38;2;145;130;51;48;2;183;172;92m▄[0m[38;2;192;182;109m▄[0m            [0m
  [7m[38;2;70;76;83m▌[0m[38;2;130;138;147;48;2;126;134;143m▄[38;2;124;133;142;48;2;111;120;129m▌[38;2;109;116;124;48;2;102;111;119m▌[38;2;73;80;87;48;2;110;117;125m▌[38;2;121;129;138;48;2;90;93;94m▌[38;2;97;86;39;48;2;96;82;21m▄[38;2;119;122;115;48;2;120;106;41m▄[38;2;130;138;147;48;2;110;107;84m▄[48;2;119;122;122m▄[48;2;118;125;133m▄[38;2;127;135;142;48;2;112;115;112m▄[38;2;123;130;139;48;2;97;96;74m▄[38;2;149;140;133;48;2;137;125;61m▄[38;2;159;142;74;48;2;127;118;63m▌[0m           [0m
  [7m[38;2;120;128;136m▌[0m[38;2;130;138;147;48;2;129;137;146m▌[38;2;123;131;140;48;2;115;123;132m▄[38;2;98;107;116;48;2;122;130;140m▄[38;2;106;114;123;48;2;86;92;99m▄[38;2;79;87;95;48;2;112;119;127m▌[38;2;109;114;119;48;2;122;130;138m▌[38;2;128;136;145;48;2;130;138;147m▄[38;2;130;138;147m▄▄[38;2;128;136;145;48;2;109;106;80m▌[38;2;162;146;59;48;2;146;133;63m▄[38;2;149;134;53;48;2;123;122;104m▄[38;2;172;159;83;48;2;215;188;183m▄[38;2;200;187;121;48;2;123;89;79m▄[0m           [0m
  [7m[38;2;66;76;85m▌[0m[38;2;125;133;142;48;2;129;137;146m▄[38;2;110;119;129;48;2;83;91;99m▄[38;2;97;104;111;48;2;105;113;122m▄[38;2;104;112;121;48;2;57;63;70m▌[38;2;119;128;138;48;2;129;137;146m▌[38;2;129;137;146;48;2;119;127;136m▄[38;2;156;169;175;48;2;105;114;124m▄[38;2;143;154;162;48;2;122;130;138m▄[38;2;127;135;144;48;2;130;138;147m▄[38;2;129;136;145;48;2;111;111;97m▌[38;2;133;120;56;48;2;167;152;63m▄[38;2;138;124;49;48;2;166;46;23m▌[38;2;150;27;19;48;2;52;27;8m▌[0m[7m[38;2;141;130;60m▄[0m           [0m
   [38;2;75;82;90;48;2;129;137;146m▌[38;2;130;138;147m▄[48;2;129;137;145m▄[38;2;143;154;159;48;2;131;141;146m▄[38;2;121;133;137;48;2;76;84;91m▄[38;2;144;156;160;48;2;102;111;120m▄[38;2;128;139;146;48;2;134;143;151m▄[38;2;156;168;176;48;2;190;205;214m▄[38;2;125;134;144;48;2;116;126;135m▄[38;2;130;138;147;48;2;130;138;147m▄[38;2;126;134;143;48;2;113;117;112m▌[38;2;89;95;95;48;2;152;139;61m▄[38;2;47;50;46;48;2;174;159;88m▄[0m   [38;2;113;123;132m▄[38;2;127;137;146;48;2;149;161;169m▌[38;2;107;115;123;48;2;157;171;180m▄[38;2;124;133;141;48;2;163;175;184m▄[38;2;152;164;173;48;2;119;129;135m▄[0m[38;2;123;133;141m▄[0m   [0m
   [38;2;32;34;36;48;2;129;137;145m▌[38;2;130;138;147;48;2;130;138;147m▄▄[48;2;136;146;153m▌[38;2;158;173;174;48;2;162;178;178m▌[38;2;143;158;161;48;2;127;140;146m▌[38;2;157;172;173;48;2;125;136;144m▌[38;2;117;126;136;48;2;130;138;147m▌[38;2;130;138;147;48;2;124;133;142m▌[38;2;141;152;160;48;2;114;122;131m▄[38;2;187;203;211;48;2;113;122;130m▄[38;2;190;205;214;48;2;151;163;172m▄[38;2;181;196;205;48;2;183;199;208m▄[0m[38;2;131;142;149m▄[0m  [38;2;99;106;113;48;2;125;133;142m▌[38;2;130;138;147;48;2;106;114;122m▄[38;2;127;136;145;48;2;80;88;96m▄[38;2;104;112;121;48;2;69;75;82m▄[38;2;107;114;122;48;2;122;130;138m▄[38;2;93;101;111;48;2;107;116;125m▌[0m[38;2;29;31;33m▌[0m  [0m
   [7m[38;2;96;104;112m▌[0m[38;2;129;137;146;48;2;130;138;147m▄[38;2;123;131;141m▄[38;2;130;138;147m▄[38;2;136;145;153;48;2;156;171;172m▌[38;2;163;179;179;48;2;150;164;165m▌[38;2;100;108;117;48;2;109;116;124m▄[38;2;125;133;143;48;2;130;138;147m▄[38;2;130;138;147m▄[38;2;132;140;149;48;2;179;194;202m▌[38;2;196;212;221;48;2;196;212;221m▄▄[38;2;191;207;216;48;2;161;176;184m▌[38;2;150;163;171;48;2;103;112;118m▌[38;2;128;138;145;48;2;82;91;93m▄[38;2;130;142;147;48;2;104;115;115m▄[38;2;147;162;164;48;2;56;60;63m▄[38;2;108;116;120;48;2;129;137;146m▄[38;2;126;134;142m▄[38;2;126;134;143m▄[38;2;77;83;90m▄[0m[7m[38;2;62;67;73m▄[0m   [0m
    [38;2;45;52;58;48;2;106;115;125m▄[38;2;78;86;95;48;2;103;112;121m▄[38;2;135;146;152;48;2;153;166;169m▌[38;2;146;158;162;48;2;124;133;140m▌[38;2;127;137;142;48;2;108;117;124m▌[38;2;130;138;147;48;2;125;133;143m▄[38;2;113;120;128;48;2;89;96;103m▌[38;2;109;115;123;48;2;130;138;147m▄[38;2;129;137;146;48;2;131;140;149m▄[38;2;130;138;147;48;2;168;180;189m▄[38;2;132;140;149;48;2;192;208;216m▄[38;2;159;171;179;48;2;104;113;121m▌[38;2;129;137;146;48;2;121;129;138m▄[38;2;130;138;147;48;2;129;137;146m▄[48;2;128;136;145m▄[48;2;127;135;144m▌[38;2;129;137;146;48;2;129;141;146m▄[38;2;114;121;129;48;2;94;101;108m▌[0m[38;2;103;111;119m▌[0m     [0m
    [7m[38;2;47;53;59m▄[38;2;127;135;143m▄[38;2;110;117;125m▄[38;2;122;130;138m▄[38;2;130;138;147m▄▄[38;2;108;115;123m▄[38;2;102;108;115m▄[38;2;108;117;127m▄[38;2;106;115;124m▄[38;2;129;137;146m▄[38;2;105;113;122m▄[38;2;120;127;136m▄[38;2;130;138;147m▄▄▄[38;2;129;137;146m▄[38;2;95;103;111m▄[0m      [0m
                            [0m
                            [0m
