[0m                            [0m
                 [38;2;130;130;146m▄[38;2;232;232;236m▄[0m         [0m
            [7m[38;2;171;171;181m▄[0m[38;2;231;231;238;48;2;224;224;229m▄[38;2;243;243;245;48;2;131;131;142m▄[38;2;204;204;219;48;2;218;218;229m▌[38;2;238;238;243;48;2;243;243;244m▄[38;2;235;235;243;48;2;224;224;239m▌[38;2;224;224;239;48;2;197;197;218m▄[0m[38;2;147;147;156m▄[0m        [0m
     [38;2;122;82;148m▄[38;2;165;117;197m▄[38;2;101;64;124;48;2;116;78;140m▄[0m[7m[38;2;149;104;178m▄[38;2;132;88;160m▄[38;2;109;69;136m▄[0m[38;2;103;59;129m▄[0m [7m[38;2;132;132;148m▄[0m[38;2;210;210;227;48;2;225;225;240m▄[38;2;182;182;202;48;2;224;224;239m▄[38;2;205;204;214;48;2;217;217;233m▄[38;2;224;224;235;48;2;213;213;231m▌[38;2;223;223;239;48;2;221;221;237m▄[38;2;206;202;222;48;2;138;133;152m▌[0m        [0m
    [38;2;149;106;175;48;2;201;153;228m▌[38;2;190;142;219;48;2;163;115;195m▌[0m[7m[38;2;115;75;141m▄[0m   [38;2;126;126;143m▄[38;2;133;114;155;48;2;103;59;130m▄[0m[38;2;93;52;117m▌[7m[38;2;160;160;178m▌[0m[38;2;162;162;176;48;2;192;192;207m▄[38;2;121;121;130;48;2;201;196;218m▄[38;2;202;202;220;48;2;168;155;184m▄[38;2;184;184;202;48;2;198;198;211m▄[38;2;152;152;161;48;2;240;240;244m▄[38;2;96;96;107;48;2;200;200;218m▄[0m        [0m
    [7m[38;2;121;80;148m▄[38;2;91;60;113m▄[0m    [38;2;93;80;110;48;2;179;179;191m▄[38;2;185;185;202;48;2;122;118;138m▌[0m[38;2;92;72;110m▌[38;2;175;175;188;48;2;77;77;93m▄[38;2;150;150;173;48;2;181;181;201m▌[38;2;198;198;216;48;2;136;136;153m▄[38;2;216;216;233;48;2;162;162;190m▄[38;2;197;197;218;48;2;101;101;120m▄[38;2;221;221;234;48;2;105;105;116m▄[38;2;197;197;208;48;2;112;112;125m▌[0m        [0m
         [38;2;151;133;169;48;2;208;208;220m▄[38;2;118;108;135;48;2;176;176;196m▄[38;2;128;125;148;48;2;183;183;207m▄[38;2;120;120;138;48;2;172;172;192m▄[38;2;38;38;46;48;2;178;178;194m▄[0m[7m[38;2;129;129;147m▄[38;2;108;108;127m▄[0m[38;2;133;133;152;48;2;187;187;205m▄[38;2;178;178;194;48;2;209;209;228m▄[38;2;193;193;214;48;2;169;169;194m▄[38;2;156;156;177;48;2;47;47;54m▌[0m        [0m
        [7m[38;2;135;91;164m▌[0m[38;2;175;127;207;48;2;173;125;205m▄[38;2;173;126;205;48;2;156;108;187m▌[38;2;132;84;164;48;2;76;42;95m▌[0m   [38;2;186;186;193m▄[38;2;201;201;218;48;2;121;121;136m▄[38;2;208;208;228;48;2;223;223;239m▄[38;2;188;158;212;48;2;213;211;231m▄[38;2;211;166;235;48;2;158;146;179m▄[38;2;127;110;150;48;2;100;100;116m▄[0m[38;2;164;164;188m▄[38;2;127;127;145m▄[0m     [0m
        [7m[38;2;97;61;120m▌[0m[38;2;148;101;179;48;2;173;125;205m▄[38;2;174;126;206;48;2;175;127;207m▄[38;2;175;127;207;48;2;169;121;200m▄[38;2;174;126;206;48;2;141;92;172m▄[38;2;184;171;202;48;2;105;88;121m▄[38;2;247;247;247;48;2;235;235;236m▄[38;2;246;246;246;48;2;247;247;247m▄[38;2;244;244;246;48;2;231;231;242m▌[38;2;201;201;221;48;2;135;120;162m▌[38;2;158;114;189;48;2;182;134;212m▌[38;2;175;127;207;48;2;210;162;236m▄[38;2;181;133;212;48;2;149;105;179m▌[38;2;161;157;184;48;2;147;144;171m▄[38;2;101;101;112;48;2;155;155;177m▄[38;2;128;128;144;48;2;159;159;180m▄[0m[38;2;45;45;51m▌[0m   [0m
         [7m[38;2;106;65;132m▄[0m[38;2;111;72;137;48;2;143;96;175m▄[38;2;134;87;166;48;2;159;111;191m▄[48;2;170;123;202m▄[38;2;131;109;156;48;2;202;201;218m▌[38;2;222;222;238;48;2;242;242;245m▄[38;2;220;220;236;48;2;233;233;242m▄[38;2;151;134;170;48;2;217;217;233m▄[38;2;134;88;165;48;2;152;120;181m▄[38;2;153;106;185;48;2;175;127;207m▄[38;2;150;109;180;48;2;173;125;205m▄[38;2;164;158;188;48;2;157;128;186m▄[0m[7m[38;2;152;152;173m▄[0m      [0m
           [7m[38;2;72;42;90m▄[38;2;118;75;146m▄[0m[38;2;90;62;111;48;2;128;111;153m▌[38;2;175;175;197;48;2;183;183;204m▌[38;2;32;29;37;48;2;141;129;162m▄[0m[7m[38;2;133;87;164m▄[38;2;117;76;145m▄[0m[38;2;83;68;100;48;2;122;113;142m▌[38;2;182;182;206;48;2;167;165;190m▄[0m[38;2;136;136;156m▌[0m       [0m
            [38;2;100;100;115m▄[38;2;193;193;205;48;2;223;223;233m▌[38;2;221;221;236;48;2;201;201;218m▌[38;2;114;114;133;48;2;54;54;63m▌[0m  [7m[38;2;163;163;189m▄[0m[38;2;59;59;67;48;2;171;171;197m▄[38;2;177;177;195;48;2;199;199;217m▌[38;2;185;185;198;48;2;124;124;140m▄[0m[38;2;224;224;233m▄[0m     [0m
           [7m[38;2;128;128;138m▄[38;2;216;216;228m▄[38;2;178;178;194m▄[38;2;216;216;227m▄[0m     [7m[38;2;58;58;64m▄[38;2;57;57;63m▄[0m      [0m
                            [0m
