[0m                            [0m
      [38;2;86;83;98m▄[38;2;140;133;153m▄[0m    [38;2;91;87;104m▄[38;2;162;155;180m▄[38;2;128;123;136m▄[0m             [0m
      [38;2;52;51;62;48;2;149;142;164m▌[38;2;172;165;188;48;2;212;204;219m▄[38;2;203;196;210;48;2;126;122;131m▄[0m[38;2;220;212;222m▄[38;2;207;200;214m▄[38;2;150;144;168m▄[38;2;148;141;165;48;2;178;170;195m▌[38;2;179;171;196;48;2;196;188;207m▌[38;2;214;207;219;48;2;120;116;125m▌[0m             [0m
      [38;2;163;155;180;48;2;81;78;95m▄[38;2;176;168;193;48;2;180;172;196m▌[38;2;179;171;196;48;2;195;187;207m▄[48;2;191;183;204m▄[48;2;179;171;196m▄[48;2;178;170;195m▄[48;2;179;171;196m▄[38;2;182;174;198;48;2;215;207;221m▄[38;2;204;197;210;48;2;105;101;111m▄[0m             [0m
     [7m[38;2;115;109;129m▌[0m[38;2;152;146;169;48;2;178;170;195m▄[38;2;157;150;174;48;2;179;171;196m▄[38;2;169;161;186m▄[38;2;179;171;196m▄▄▄▄[38;2;177;169;194m▄[38;2;150;144;161;48;2;184;176;199m▄[38;2;191;184;202;48;2;107;103;117m▌[0m            [0m
     [38;2;207;199;216;48;2;101;97;108m▄[38;2;195;186;208;48;2;152;145;169m▌[38;2;124;116;147;48;2;155;148;173m▄[38;2;131;124;154;48;2;159;151;179m▌[38;2;177;169;194;48;2;179;171;196m▄[38;2;179;171;196m▄▄▄[48;2;174;167;191m▌[38;2;192;164;213;48;2;148;129;164m▄[38;2;143;129;164;48;2;83;79;96m▌[0m            [0m
    [7m[38;2;168;161;182m▌[0m[38;2;176;168;192;48;2;207;199;218m▄[38;2;16;15;19;48;2;112;106;132m▄[38;2;99;93;121;48;2;130;122;155m▄[38;2;129;121;154m▄[38;2;130;122;155;48;2;144;136;167m▄[38;2;137;129;161;48;2;177;169;194m▄[38;2;159;151;179;48;2;179;171;196m▄[38;2;174;166;192m▄[38;2;178;170;195m▄[38;2;155;148;172;48;2;174;168;189m▄[38;2;171;164;187;48;2;132;127;149m▌[0m            [0m
    [38;2;24;23;30;48;2;152;145;171m▌[38;2;163;155;183;48;2;174;166;190m▄[0m[38;2;55;53;69m▌[0m [38;2;27;26;36;48;2;78;74;96m▌[38;2;130;122;155;48;2;123;116;148m▄[38;2;123;116;147;48;2;130;122;155m▄[38;2;32;30;41;48;2;127;119;152m▄[0m[7m[38;2;118;110;141m▄[38;2;98;93;113m▄[38;2;60;57;66m▄[0m      [38;2;206;198;214m▄[38;2;203;196;207;48;2;116;111;125m▄[38;2;209;202;215;48;2;103;99;109m▄[0m[38;2;152;146;161m▌[0m   [0m
    [7m[38;2;51;48;64m▌[0m[38;2;109;103;132;48;2;127;119;152m▄[38;2;130;122;155;48;2;108;102;131m▄[38;2;124;117;149;48;2;110;103;134m▄[38;2;115;108;139;48;2;120;113;145m▄[38;2;126;118;151;48;2;130;122;155m▄[38;2;150;142;171;48;2;121;114;145m▄[0m[38;2;163;155;179m▄[38;2;173;165;190m▄[38;2;166;158;185m▄[38;2;104;98;122m▄[0m     [38;2;190;183;196;48;2;89;85;103m▄[38;2;190;182;204;48;2;179;171;196m▄[38;2;179;171;196m▄[38;2;171;164;188;48;2;143;136;162m▄[38;2;156;149;173;48;2;117;111;138m▄[0m   [0m
    [38;2;22;21;30;48;2;124;116;148m▌[38;2;130;122;155;48;2;122;114;145m▄[38;2;121;114;146;48;2;115;107;137m▄[38;2;109;102;131;48;2;129;121;154m▄[38;2;115;108;139;48;2;125;118;150m▄[38;2;126;118;151;48;2;130;122;155m▌[38;2;130;122;155;48;2;144;136;166m▄[38;2;139;131;163;48;2;164;156;183m▄[38;2;141;133;164;48;2;176;168;193m▄[38;2;113;107;137;48;2;110;104;133m▄[38;2;145;137;167;48;2;96;90;116m▄[38;2;178;170;195;48;2;81;78;93m▄[0m[38;2;178;170;195m▄[38;2;179;171;196m▄[38;2;189;181;203;48;2;72;69;79m▄[38;2;172;166;181;48;2;217;210;222m▌[38;2;215;208;218;48;2;237;229;237m▄[38;2;66;63;75;48;2;208;201;213m▄[0m[7m[38;2;93;89;105m▄[38;2;76;72;93m▄[0m[38;2;68;64;77;48;2;155;147;174m▄[0m[38;2;48;46;55m▌[0m  [0m
   [7m[38;2;39;38;51m▌[0m[38;2;123;115;147;48;2;84;80;104m▄[38;2;87;82;107;48;2;129;121;154m▄[38;2;94;89;114;48;2;130;122;155m▄[38;2;110;103;132m▄[38;2;109;102;131m▄[38;2;114;107;138m▄[38;2;130;122;155m▄[38;2;123;115;147m▄[38;2;119;112;142;48;2;111;105;134m▌[38;2;103;97;126;48;2;122;115;147m▄[38;2;124;117;149;48;2;114;107;136m▌[0m[38;2;43;41;53m▌[7m[38;2;67;65;79m▄[38;2;78;75;88m▄[38;2;127;122;142m▄[38;2;158;151;174m▄[38;2;66;63;73m▄[0m       [0m
   [38;2;101;98;116;48;2;169;161;186m▌[38;2;164;156;181;48;2;71;67;86m▌[0m [7m[38;2;35;32;43m▄[0m[38;2;96;90;117;48;2;130;122;155m▌[38;2;130;122;155m▄[48;2;116;109;140m▄[48;2;107;101;128m▄[48;2;115;108;138m▄[38;2;139;131;162;48;2;119;112;143m▄[38;2;84;80;98;48;2;114;107;137m▄[0m[7m[38;2;73;69;91m▄[0m             [0m
  [7m[38;2;63;61;73m▌[38;2;178;170;195m▄[0m[38;2;68;65;78m▌[0m  [7m[38;2;58;55;70m▌[38;2;130;122;155m▄▄▄▄[38;2;146;138;168m▄[38;2;131;125;147m▄[0m              [0m
                            [0m
