[0m                            [0m
      [7m[38;2;15;15;15m▌[0m[38;2;29;29;29m▄[0m                    [0m
      [38;2;35;35;35;48;2;97;97;95m▌[38;2;163;153;74;48;2;74;73;72m▄[38;2;108;92;8;48;2;14;12;8m▄[0m       [38;2;120;107;17m▄[38;2;88;88;88m▄[38;2;90;90;90;48;2;24;24;24m▄[38;2;50;50;50;48;2;23;23;23m▌[0m        [0m
      [7m[38;2;130;105;7m▌[0m[38;2;235;209;0;48;2;242;226;5m▄[38;2;236;204;0;48;2;177;139;5m▌[0m[38;2;105;83;19m▄[38;2;134;111;21m▄[38;2;131;108;14m▄[38;2;107;80;0m▄[38;2;146;124;0m▄[38;2;243;226;0;48;2;116;94;0m▄[38;2;246;230;0;48;2;227;205;0m▄[38;2;245;227;0;48;2;232;211;14m▌[38;2;162;141;43;48;2;51;51;51m▌[0m[7m[38;2;34;34;34m▄[0m         [0m
       [38;2;221;200;2;48;2;163;129;0m▄[38;2;229;206;32;48;2;237;224;78m▌[38;2;241;235;102;48;2;247;245;110m▌[38;2;247;243;102;48;2;247;247;119m▄[38;2;232;218;62;48;2;247;244;107m▄[38;2;164;153;62;48;2;244;226;16m▄[38;2;220;198;2;48;2;246;229;0m▄[38;2;245;227;0;48;2;231;198;0m▌[38;2;77;55;3;48;2;209;177;1m▄[0m[7m[38;2;95;76;6m▄[0m   [38;2;164;145;50m▄[38;2;243;224;34m▄[38;2;180;153;5m▄[0m     [0m
      [38;2;177;128;12;48;2;222;200;2m▌[38;2;174;150;10;48;2;139;133;108m▄[38;2;188;169;30;48;2;245;225;0m▌[38;2;224;201;0;48;2;247;231;0m▄[38;2;245;226;0m▄[38;2;240;220;0;48;2;203;183;7m▌[38;2;227;210;2;48;2;100;95;79m▄[38;2;231;128;0;48;2;178;162;13m▄[38;2;221;110;0;48;2;238;206;0m▄[38;2;217;171;1;48;2;121;93;4m▌[0m[38;2;45;30;4m▄[38;2;150;127;0m▄[38;2;226;197;10m▄[38;2;239;209;22;48;2;194;175;58m▄[38;2;231;184;0;48;2;241;219;35m▄[38;2;231;183;0;48;2;235;197;0m▄[38;2;230;183;0;48;2;209;163;0m▌[0m[38;2;105;70;0m▌[0m    [0m
    [38;2;105;90;33m▄[38;2;203;186;40;48;2;50;24;9m▄[38;2;170;87;7;48;2;200;136;0m▌[38;2;242;225;0;48;2;246;230;0m▌[38;2;247;231;0;48;2;241;221;0m▄[38;2;219;174;0;48;2;199;76;12m▌[38;2;210;68;32;48;2;216;100;28m▌[38;2;232;189;8;48;2;245;226;0m▌[38;2;247;231;0;48;2;246;227;0m▌[38;2;230;184;0;48;2;224;43;0m▄[38;2;196;132;0;48;2;193;28;0m▄[38;2;223;203;10;48;2;189;153;31m▄[38;2;245;227;4;48;2;202;181;55m▄[38;2;219;197;37;48;2;188;160;27m▌[38;2;196;153;1;48;2;231;183;0m▌[38;2;230;182;0m▄[38;2;225;178;0m▄[38;2;169;130;2;48;2;230;182;0m▄[38;2;66;48;2;48;2;222;175;0m▄[0m     [0m
     [38;2;84;67;5;48;2;228;195;2m▄[38;2;215;170;0;48;2;223;176;0m▄[38;2;207;168;0;48;2;237;216;0m▌[38;2;247;231;0;48;2;246;230;0m▄[48;2;246;229;0m▄[48;2;244;226;0m▄[48;2;247;231;0m▄▄[48;2;244;228;0m▄[38;2;245;226;0;48;2;228;208;0m▄[38;2;234;193;0;48;2;245;226;0m▄[38;2;155;123;4;48;2;232;192;0m▄[38;2;67;48;1;48;2;167;134;6m▄[38;2;208;162;0;48;2;229;181;0m▄[38;2;212;168;1;48;2;144;112;3m▌[0m[7m[38;2;71;51;2m▄[0m       [0m
      [38;2;122;98;1;48;2;216;191;0m▌[38;2;247;231;0;48;2;245;229;0m▄[48;2;247;231;0m▄▄▄▄▄[38;2;245;226;0m▄[38;2;243;220;0;48;2;230;185;0m▌[38;2;221;171;0;48;2;202;154;0m▌[38;2;183;151;2;48;2;73;53;3m▄[0m[38;2;215;176;2m▄[38;2;175;135;1;48;2;190;147;0m▌[38;2;84;63;2;48;2;226;178;0m▄[0m[7m[38;2;114;90;5m▄[0m       [0m
    [7m[38;2;89;63;5m▌[0m[38;2;223;189;27;48;2;147;124;41m▄[38;2;200;161;5;48;2;218;192;0m▌[38;2;222;198;0;48;2;246;230;0m▄[38;2;247;231;0;48;2;247;231;0m▄▄▄[38;2;245;225;0m▄[38;2;238;204;0;48;2;246;230;0m▄[38;2;231;183;0;48;2;234;192;0m▄[48;2;231;183;0m▄[38;2;207;163;2;48;2;77;61;10m▌[38;2;95;68;5;48;2;215;170;1m▄[38;2;193;145;1;48;2;150;113;3m▌[0m[38;2;111;87;5m▄[0m         [0m
     [7m[38;2;150;113;0m▄[0m[38;2;156;121;3;48;2;229;181;0m▄[38;2;168;132;5;48;2;193;151;0m▄[38;2;224;177;0;48;2;233;193;0m▄[38;2;226;178;0;48;2;240;212;0m▄[38;2;230;182;0;48;2;238;205;0m▄[38;2;231;183;0;48;2;232;187;0m▄[48;2;231;183;0m▄▄[38;2;229;181;0;48;2;208;161;1m▌[38;2;34;25;7;48;2;148;105;1m▄[0m[7m[38;2;86;54;5m▄[38;2;51;34;6m▄[0m          [0m
         [7m[38;2;71;50;3m▄[38;2;143;109;4m▄[0m[38;2;155;109;3;48;2;216;169;0m▄[38;2;172;122;2;48;2;224;177;0m▄[38;2;39;30;9;48;2;197;153;1m▄[0m[7m[38;2;83;65;5m▄[0m             [0m
           [7m[38;2;166;121;2m▄[38;2;147;110;4m▄[0m               [0m
                            [0m
