[0m                            [0m
                [7m[38;2;14;14;15m▌[0m[38;2;62;62;66m▄[0m          [0m
                [7m[38;2;12;12;12m▌[0m[38;2;38;38;38;48;2;43;43;43m▄[38;2;52;52;55;48;2;67;64;63m▌[0m[38;2;167;130;43m▄[0m        [0m
        [38;2;33;33;34;48;2;45;45;46m▌[38;2;69;64;54;48;2;36;36;38m▄[0m[38;2;218;192;69m▄[38;2;194;167;53m▄[0m     [38;2;28;24;22;48;2;100;71;28m▌[38;2;239;182;29;48;2;132;105;37m▄[38;2;245;189;33;48;2;245;205;54m▄[38;2;219;188;57;48;2;112;92;28m▌[0m       [0m
   [38;2;178;158;53;48;2;68;46;11m▄[0m[38;2;242;221;74m▄[38;2;148;127;43m▄[0m   [7m[38;2;72;61;34m▄[0m[38;2;177;135;25;48;2;243;186;30m▄[38;2;242;185;31;48;2;245;197;44m▄[38;2;245;189;33;48;2;242;210;62m▄[38;2;240;195;46;48;2;122;98;26m▄[0m[38;2;106;70;8m▄[38;2;151;122;35m▄[38;2;219;196;66m▄[38;2;242;221;74;48;2;72;55;21m▄[38;2;206;178;57;48;2;190;140;25m▄[38;2;234;179;30;48;2;245;188;31m▄[38;2;245;189;33;48;2;245;204;52m▌[0m[38;2;182;151;46m▌[0m      [0m
  [7m[38;2;106;85;26m▌[0m[38;2;230;202;63;48;2;245;194;39m▌[38;2;245;188;31;48;2;245;191;36m▄[48;2;245;208;58m▄[38;2;245;191;35;48;2;219;191;59m▄[0m[38;2;242;202;53m▄[38;2;121;93;20m▄[0m  [7m[38;2;73;58;19m▄[38;2;194;149;31m▄[0m[38;2;141;99;19;48;2;237;181;30m▄[38;2;245;188;31;48;2;240;187;35m▄[48;2;245;203;51m▄[48;2;245;194;39m▄[48;2;245;188;31m▄▄[48;2;219;165;24m▄[38;2;239;180;26;48;2;244;187;30m▌[38;2;244;191;37;48;2;215;169;37m▌[0m[38;2;115;92;25m▄[0m     [0m
  [7m[38;2;165;143;49m▌[0m[38;2;212;163;32;48;2;245;189;33m▄[38;2;245;188;31;48;2;245;188;31m▄▄▄▄[48;2;242;195;45m▄[38;2;242;185;30;48;2;122;92;17m▄[0m[38;2;123;90;13m▄[0m [7m[38;2;140;96;13m▌[0m[38;2;245;188;31;48;2;223;168;27m▄[48;2;245;188;31m▄▄▄▄▄▄▄▄[38;2;242;183;39;48;2;230;201;62m▄[0m[38;2;131;71;34m▌[0m    [0m
    [7m[38;2;101;79;23m▄[38;2;211;162;31m▄[0m[38;2;100;78;23;48;2;245;188;31m▄[38;2;214;162;29m▄[38;2;244;186;29m▄[38;2;245;188;31m▄[48;2;242;185;30m▄[38;2;242;185;31;48;2;135;101;22m▄[38;2;199;152;34;48;2;219;161;22m▄[38;2;231;173;25;48;2;245;188;31m▄[38;2;237;178;26m▄[38;2;245;188;31m▄▄▄▄▄▄▄[48;2;231;158;33m▌[0m[38;2;147;53;30m▌[0m    [0m
       [7m[38;2;105;65;7m▌[0m[38;2;229;174;29;48;2;165;111;13m▄[38;2;245;188;31;48;2;243;185;28m▄[38;2;205;151;26;48;2;245;188;31m▄[38;2;208;156;30;48;2;222;165;26m▄[38;2;234;176;26;48;2;153;91;13m▄[48;2;155;81;0m▄[38;2;227;166;21;48;2;161;87;0m▄[38;2;204;140;14;48;2;181;112;6m▄[38;2;175;105;4;48;2;212;148;16m▄[38;2;171;99;2;48;2;241;183;28m▄[38;2;216;154;19;48;2;245;188;31m▄[38;2;245;188;31m▄▄[38;2;244;187;30;48;2;238;179;26m▌[38;2;234;188;43;48;2;137;91;14m▄[0m[38;2;236;216;75m▄[38;2;229;204;67m▄[0m   [0m
       [7m[38;2;115;80;17m▄[0m[38;2;134;94;20;48;2;242;185;29m▄[38;2;242;184;29;48;2;240;184;30m▄[38;2;228;174;32;48;2;180;135;30m▄[38;2;151;95;17;48;2;200;135;13m▄[38;2;174;105;6;48;2;196;130;13m▄[38;2;173;103;5;48;2;220;159;19m▄[38;2;162;89;0;48;2;235;177;26m▄[38;2;179;109;5;48;2;245;188;31m▄[38;2;222;160;19;48;2;244;187;30m▄[38;2;244;186;30;48;2;234;175;25m▄[38;2;245;188;31;48;2;217;156;19m▄[48;2;245;188;31m▄▄[38;2;241;184;29m▄[38;2;192;140;22m▄[38;2;93;69;16;48;2;244;191;37m▄[0m[7m[38;2;172;127;21m▄[0m   [0m
        [7m[38;2;111;67;11m▌[0m[38;2;159;88;1;48;2;228;172;25m▄[38;2;159;104;20;48;2;166;127;35m▄[38;2;224;172;32;48;2;244;187;31m▌[38;2;245;188;31;48;2;245;188;31m▄[48;2;244;187;30m▄[48;2;237;179;27m▄[48;2;219;157;19m▄[48;2;190;122;8m▄[38;2;239;182;28;48;2;194;129;12m▄[38;2;245;188;31;48;2;245;188;31m▄▄[38;2;239;183;31;48;2;146;109;24m▌[0m[7m[38;2;87;58;11m▄[0m      [0m
        [7m[38;2;178;122;16m▌[0m[38;2;237;180;28;48;2;140;87;19m▄[38;2;180;125;23;48;2;150;79;2m▄[38;2;158;100;16;48;2;209;159;32m▌[38;2;245;188;31;48;2;245;188;31m▄▄▄▄▄▄▄▄[38;2;243;213;65;48;2;209;176;52m▄[0m[38;2;77;61;23m▌[0m      [0m
         [7m[38;2;212;159;26m▄[38;2;245;188;31m▄▄▄▄▄▄▄▄▄▄[38;2;210;153;23m▄[0m       [0m
                            [0m
