[0m                            [0m
                            [0m
                            [0m
           [38;2;56;102;118m▄[38;2;36;68;81m▄[0m     [38;2;37;69;82m▄[38;2;57;103;120m▄[38;2;16;38;47m▄[0m       [0m
          [7m[38;2;31;67;82m▌[0m[38;2;57;104;120;48;2;44;86;106m▄[38;2;64;113;129;48;2;54;100;114m▄[48;2;41;81;93m▄[38;2;61;109;126;48;2;51;97;111m▄[38;2;53;99;118m▄[38;2;42;82;106;48;2;35;69;83m▄[38;2;43;84;104;48;2;54;99;119m▌[38;2;43;84;107;48;2;63;112;128m▄[38;2;41;81;105;48;2;50;94;115m▄[38;2;40;81;105;48;2;19;46;59m▌[0m       [0m
         [7m[38;2;31;64;79m▌[0m[38;2;41;82;105;48;2;55;101;118m▄[38;2;41;81;105;48;2;49;92;113m▄[48;2;43;84;107m▄[48;2;41;81;105m▄▄▄▄▄▄▄[48;2;40;79;102m▌[38;2;129;115;91;48;2;18;28;28m▄[0m      [0m
        [7m[38;2;7;20;26m▌[0m[38;2;33;71;91;48;2;38;78;100m▌[38;2;38;79;95;48;2;41;81;105m▄[38;2;46;88;103m▄[38;2;47;88;103m▄[38;2;35;73;92m▄[38;2;33;70;91m▄[38;2;30;68;86m▄[38;2;38;79;101m▄[38;2;41;81;105m▄▄▄[38;2;37;77;99;48;2;140;139;127m▌[38;2;240;220;183;48;2;216;193;158m▄[0m[38;2;49;43;30m▌[0m     [0m
      [38;2;41;78;92m▄[38;2;63;112;128m▄[38;2;64;113;129;48;2;47;90;103m▄[38;2;60;108;125;48;2;63;112;128m▄[38;2;58;104;122;48;2;64;114;130m▄[38;2;51;96;116;48;2;65;114;130m▄[38;2;43;84;107;48;2;62;110;127m▄[38;2;41;81;105;48;2;45;86;109m▄[48;2;41;81;105m▄[48;2;40;80;104m▄[48;2;37;77;98m▄[48;2;41;81;105m▄▄[38;2;39;79;102m▄[38;2;34;74;94;48;2;147;143;130m▌[38;2;137;120;92;48;2;230;207;172m▄[0m      [0m
    [38;2;23;52;67m▄[38;2;37;71;87;48;2;52;97;115m▌[38;2;47;90;112;48;2;64;113;129m▄[38;2;41;81;105;48;2;53;98;118m▄[48;2;45;86;109m▄[48;2;41;81;105m▄▄▄▄▄▄▄▄▄▄▄[48;2;40;80;104m▄[48;2;31;64;81m▄[38;2;38;78;101;48;2;12;34;41m▄[0m[38;2;12;35;44m▄[0m    [0m
   [38;2;10;25;33;48;2;29;63;82m▌[38;2;41;81;105;48;2;39;79;102m▄[48;2;41;81;105m▄▄▄▄▄▄▄▄▄▄▄▄▄[38;2;39;79;102m▄[38;2;40;81;105m▄[38;2;41;81;105m▄▄▄[48;2;38;76;99m▄[38;2;30;65;84;48;2;11;32;40m▄[0m   [0m
   [7m[38;2;34;68;88m▄[38;2;35;70;91m▄▄▄▄▄▄▄▄▄▄▄▄▄▄[38;2;33;67;87m▄[38;2;22;50;66m▄[38;2;35;70;91m▄▄▄▄[38;2;34;68;89m▄[0m   [0m
                            [0m
                            [0m
                            [0m
