[0m                            [0m
                            [0m
                  [38;2;126;140;113m▄[38;2;128;158;136;48;2;49;71;62m▄[0m[38;2;38;52;45m▄[0m       [0m
         [38;2;154;147;99m▄[38;2;212;210;152m▄[38;2;240;240;185m▄[38;2;247;247;191;48;2;128;111;78m▄▄[38;2;246;246;190;48;2;127;110;78m▄[0m[38;2;234;234;176m▄[38;2;216;213;145;48;2;99;108;80m▄[38;2;201;199;126;48;2;221;224;167m▄[38;2;181;141;112;48;2;204;205;162m▄[38;2;185;168;115;48;2;189;195;152m▄[38;2;229;229;145;48;2;135;164;135m▄[38;2;210;214;139;48;2;77;106;92m▄[0m[38;2;156;173;128m▄[38;2;72;96;81m▄[38;2;75;107;93m▄[0m   [0m
      [38;2;52;62;46m▄[38;2;203;203;128m▄[38;2;239;239;151;48;2;212;211;133m▄[38;2;241;241;162;48;2;246;246;187m▌[38;2;247;247;190;48;2;247;247;191m▄[38;2;247;247;191m▄▄▄▄▄[38;2;246;246;190;48;2;244;244;178m▌[38;2;239;239;151;48;2;237;237;150m▌[38;2;238;238;150;48;2;193;157;97m▄[38;2;180;108;72;48;2;175;30;26m▄[38;2;170;33;31;48;2;175;128;100m▌[38;2;225;224;143;48;2;199;199;125m▄[38;2;237;236;151;48;2;192;192;125m▄[38;2;186;192;136;48;2;75;110;92m▌[38;2;37;60;50;48;2;67;103;88m▄[0m   [0m
     [38;2;29;44;37;48;2;104;120;88m▌[38;2;185;188;122;48;2;236;236;149m▌[38;2;239;239;151;48;2;239;239;151m▄▄[48;2;239;239;152m▄[48;2;241;241;162m▄[48;2;244;244;180m▄[48;2;245;245;182m▄▄[48;2;245;245;181m▄[48;2;242;242;168m▄[48;2;239;239;154m▄[48;2;239;239;151m▄▄[38;2;238;237;150;48;2;207;206;137m▌[38;2;92;116;88;48;2;141;139;99m▄[38;2;136;138;101;48;2;234;224;151m▄[38;2;194;186;134;48;2;230;215;150m▄[38;2;113;132;102;48;2;49;80;67m▌[0m[38;2;21;33;27m▌[0m   [0m
   [38;2;57;57;58m▄[38;2;116;117;111m▄[38;2;36;53;43;48;2;105;127;94m▌[38;2;175;175;126;48;2;233;227;149m▄[38;2;234;225;150;48;2;237;233;151m▄[38;2;233;223;151;48;2;238;236;151m▄[38;2;237;233;151;48;2;239;239;151m▄[38;2;238;238;151m▄[38;2;239;239;151m▄▄▄▄▄[38;2;238;237;151m▄[38;2;237;234;151m▄[38;2;236;230;151;48;2;239;238;151m▄[38;2;215;211;143;48;2;238;237;151m▄[38;2;106;130;97;48;2;63;101;85m▌[38;2;94;126;110;48;2;87;120;104m▄[38;2;95;127;111;48;2;82;112;97m▄[38;2;82;113;98;48;2;24;35;29m▄[0m    [0m
  [7m[38;2;134;131;124m▌[0m[38;2;222;208;147;48;2;151;151;138m▄[38;2;234;224;151;48;2;189;186;146m▄[38;2;233;230;152;48;2;145;151;125m▄[38;2;190;187;167;48;2;60;81;66m▌[38;2;56;95;79;48;2;141;153;117m▄[48;2;189;184;132m▄[38;2;75;106;86;48;2;221;208;147m▄[38;2;99;123;97;48;2;232;218;151m▄[38;2;181;180;132;48;2;234;224;151m▄[38;2;227;212;149m▄[38;2;231;215;151m▄▄▄▄[38;2;230;215;150;48;2;234;226;151m▄[38;2;156;165;121;48;2;234;226;150m▄[38;2;58;96;79;48;2;132;149;109m▄[38;2;56;95;79;48;2;56;95;79m▄[38;2;57;96;80;48;2;82;116;100m▄[38;2;74;109;93;48;2;95;127;111m▄[38;2;92;124;108m▄[38;2;96;123;110;48;2;80;108;93m▄[0m[38;2;64;73;68m▄[0m  [0m
  [7m[38;2;99;93;64m▌[0m[38;2;182;133;80;48;2;220;191;130m▄[38;2;199;151;94;48;2;226;205;143m▄[38;2;230;214;150;48;2;233;223;151m▄[38;2;234;227;150;48;2;151;146;98m▌[38;2;49;83;69;48;2;56;95;79m▌[38;2;56;95;79m▄▄▄[48;2;57;95;80m▄[38;2;73;109;93;48;2;114;137;112m▄[38;2;90;114;98;48;2;188;185;137m▄[38;2;209;209;210;48;2;188;180;153m▄[38;2;97;112;97;48;2;215;202;145m▄[38;2;119;134;129;48;2;174;174;128m▄[38;2;144;148;133;48;2;73;102;84m▌[38;2;56;95;79;48;2;59;97;81m▄[38;2;55;94;78;48;2;56;95;79m▄[38;2;49;80;66;48;2;33;53;44m▌[0m[7m[38;2;54;91;76m▄[0m[38;2;31;50;42;48;2;56;95;79m▄[38;2;40;67;55;48;2;59;98;82m▄[0m[7m[38;2;97;116;108m▄[0m   [0m
   [7m[38;2;159;134;85m▄[0m[38;2;160;128;80;48;2;201;176;118m▌[38;2;172;161;113;48;2;230;214;150m▄[38;2;52;50;36;48;2;171;164;116m▄[0m[7m[38;2;53;90;75m▄[0m[38;2;35;56;47;48;2;56;95;79m▄[38;2;53;89;74m▄[38;2;56;95;79m▄[38;2;54;93;77m▄[38;2;153;156;107;48;2;65;97;78m▄[38;2;233;221;150;48;2;189;193;126m▄[38;2;231;216;151;48;2;194;194;131m▄[38;2;233;221;151;48;2;217;215;140m▄[38;2;234;231;149;48;2;201;198;187m▄[38;2;203;201;139;48;2;134;136;117m▄[38;2;161;161;164;48;2;54;81;68m▄[0m[38;2;36;49;44m▌[0m        [0m
          [7m[38;2;33;53;43m▄[38;2;46;78;65m▄[0m[38;2;158;148;101;48;2;228;213;149m▌[38;2;221;194;133;48;2;199;151;94m▌[38;2;191;135;79;48;2;198;149;92m▄[38;2;195;143;87;48;2;219;192;131m▄[38;2;228;208;145;48;2;231;216;151m▄[38;2;229;214;149;48;2;177;166;114m▌[0m          [0m
             [7m[38;2;208;189;131m▄[0m[38;2;112;106;72;48;2;207;168;110m▄[38;2;104;98;66;48;2;216;186;126m▄[0m[7m[38;2;195;181;127m▄[0m           [0m
                            [0m
                            [0m
