[0m                            [0m
              [38;2;73;116;108m▄[38;2;147;212;203m▄[38;2;170;237;228m▄[38;2;166;233;224;48;2;71;117;109m▄[38;2;148;219;208m▄[0m[38;2;156;223;214m▄[38;2;137;193;184m▄[38;2;57;86;80m▄[0m      [0m
             [38;2;45;80;70;48;2;116;176;165m▌[38;2;172;238;229;48;2;178;244;236m▌[38;2;157;225;215;48;2;179;245;237m▄[38;2;107;185;171;48;2;163;230;221m▄[38;2;89;171;155;48;2;96;176;160m▄[48;2;89;171;155m▄[48;2;95;175;160m▄[48;2;127;201;189m▄[38;2;107;184;170;48;2;162;226;217m▄[38;2;103;162;151;48;2;43;64;60m▄[0m     [0m
            [7m[38;2;59;110;98m▌[0m[38;2;86;166;150;48;2;89;171;155m▌[38;2;89;171;155;48;2;102;181;166m▄[48;2;92;173;158m▄[48;2;89;171;155m▄▄▄▄▄▄[38;2;88;150;134;48;2;146;162;155m▌[38;2;107;138;130;48;2;25;44;38m▌[0m    [0m
            [38;2;155;142;135;48;2;31;52;46m▄[38;2;191;189;184;48;2;88;165;149m▄[38;2;141;161;151;48;2;88;170;154m▄[38;2;104;142;128;48;2;89;171;155m▄[38;2;89;165;149m▄[38;2;89;171;155m▄▄▄▄[48;2;86;164;148m▌[38;2;107;129;105;48;2;136;88;45m▌[38;2;115;160;146;48;2;44;69;65m▌[0m    [0m
         [38;2;137;86;31m▄[38;2;200;134;67m▄[38;2;182;114;45;48;2;160;117;81m▄[38;2;182;115;45;48;2;153;121;96m▄[38;2;190;111;19;48;2;182;148;119m▄[38;2;183;102;0;48;2;171;142;124m▄[38;2;164;101;31;48;2;188;177;176m▄[38;2;170;142;124;48;2;155;156;150m▄[38;2;185;176;174;48;2;102;155;141m▄[38;2;100;151;140;48;2;89;171;155m▄[38;2;88;170;154m▄[38;2;89;171;155m▄[38;2;88;169;153;48;2;84;161;145m▌[38;2;70;134;121;48;2;107;183;170m▄[38;2;50;89;81;48;2;125;188;179m▄[0m[38;2;24;40;36m▌[0m   [0m
       [38;2;103;59;12m▄[38;2;185;115;42;48;2;143;91;37m▄[38;2;166;99;28;48;2;210;144;78m▄[38;2;154;91;31;48;2;182;114;45m▄[38;2;175;112;50;48;2;185;115;42m▌[38;2;190;110;16;48;2;188;105;1m▄[38;2;188;105;0;48;2;188;105;0m▄▄▄[38;2;187;104;0;48;2;185;103;0m▌[38;2;163;89;1;48;2;169;126;89m▄[38;2;171;155;149;48;2;178;173;172m▌[38;2;131;145;138;48;2;67;118;108m▌[38;2;57;107;97;48;2;88;170;154m▄[38;2;46;82;73;48;2;79;151;136m▄[0m[7m[38;2;43;79;71m▄[0m     [0m
      [7m[38;2;72;40;13m▌[0m[38;2;171;110;51;48;2;142;76;5m▄[38;2;191;114;27;48;2;177;114;54m▄[38;2;188;105;0;48;2;193;118;34m▄[48;2;188;106;5m▄[48;2;183;102;0m▄[38;2;183;102;0;48;2;171;103;31m▄[38;2;155;85;1;48;2;188;107;9m▄[38;2;158;84;0;48;2;188;105;0m▄[38;2;167;91;0;48;2;179;99;0m▄[38;2;186;103;0;48;2;156;83;0m▄[38;2;169;92;0;48;2;159;96;27m▌[38;2;164;133;111;48;2;194;184;183m▌[38;2;157;149;144;48;2;89;132;118m▌[38;2;89;171;155;48;2;88;170;154m▄[48;2;88;169;153m▄[48;2;87;167;151m▄[48;2;68;130;117m▄[38;2;85;158;143;48;2;101;164;153m▌[0m[38;2;66;98;92m▌[0m  [0m
      [7m[38;2;79;51;27m▌[0m[38;2;142;89;37;48;2;168;110;55m▄[38;2;194;115;26;48;2;188;105;0m▌[38;2;188;105;0m▄▄▄▄[38;2;185;103;0;48;2;130;66;0m▌[38;2;178;98;0;48;2;187;104;0m▌[38;2;188;105;0;48;2;188;105;0m▄▄[38;2;162;87;0;48;2;158;137;132m▌[38;2;201;193;192;48;2;117;119;116m▌[38;2;81;142;128;48;2;86;165;149m▌[38;2;89;171;155;48;2;89;171;155m▄[38;2;85;162;146m▄[38;2;71;134;121m▄[38;2;41;76;69;48;2;88;170;154m▄[0m[7m[38;2;78;140;127m▄[0m   [0m
      [7m[38;2;45;24;4m▌[0m[38;2;140;77;3;48;2;169;92;0m▌[38;2;158;84;0;48;2;175;96;0m▄[38;2;167;92;2;48;2;188;105;0m▄[38;2;173;95;0m▄[38;2;164;89;0m▄[38;2;150;80;1m▄[38;2;126;68;5;48;2;165;90;1m▌[38;2;187;104;0;48;2;188;105;0m▌[38;2;188;105;0m▄▄[38;2;187;104;0;48;2;168;96;12m▄[38;2;160;125;99;48;2;212;206;205m▌[38;2;177;169;166;48;2;101;84;57m▌[38;2;170;120;58;48;2;89;76;47m▄[0m[7m[38;2;18;30;27m▄[0m      [0m
   [38;2;110;163;155m▄[38;2;140;206;197;48;2;72;115;104m▄[38;2;98;177;163;48;2;97;164;151m▄[38;2;89;171;155;48;2;78;149;135m▄[38;2;88;170;154;48;2;90;120;96m▄[38;2;81;137;119;48;2;143;88;17m▄[38;2;98;57;13;48;2;171;95;1m▌[38;2;188;105;0;48;2;172;94;0m▄[48;2;180;99;0m▄[48;2;188;105;0m▄[48;2;181;100;0m▄[38;2;181;100;0;48;2;164;89;0m▄[38;2;142;74;0;48;2;187;104;0m▄[38;2;160;87;0;48;2;188;105;0m▄[38;2;163;118;77;48;2;172;95;5m▄[38;2;156;139;131;48;2;181;165;162m▄[38;2;151;107;67;48;2;189;134;66m▌[0m[38;2;136;90;40m▌[0m       [0m
  [7m[38;2;65;121;108m▌[0m[38;2;89;171;155;48;2;113;185;173m▄[48;2;115;188;176m▄[38;2;80;152;136;48;2;86;165;150m▄[38;2;88;170;154;48;2;75;142;128m▄[38;2;84;160;144;48;2;66;125;112m▄[38;2;67;127;114;48;2;85;164;148m▄[38;2;77;143;128;48;2;73;79;55m▄[38;2;86;80;65;48;2;162;87;0m▄[38;2;139;89;40;48;2;188;105;0m▄[38;2;169;94;2m▄[38;2;180;101;3m▄[38;2;163;106;47m▄[38;2;184;170;166;48;2;169;93;3m▄[38;2;142;148;146;48;2;137;105;86m▄[38;2;89;141;131;48;2;185;175;175m▄[38;2;88;169;153;48;2;91;114;101m▄[38;2;64;121;109;48;2;94;68;34m▄[0m        [0m
  [7m[38;2;22;38;34m▌[0m[38;2;43;81;72;48;2;85;163;147m▄[38;2;54;103;94;48;2;89;171;155m▄[38;2;53;103;93;48;2;88;170;154m▄[38;2;43;80;71;48;2;89;171;155m▄[38;2;26;49;44;48;2;79;150;135m▄[38;2;53;101;91;48;2;67;130;118m▌[38;2;54;103;94;48;2;89;170;154m▄[38;2;53;103;93;48;2;79;143;129m▄[38;2;43;78;69;48;2;139;143;140m▄[38;2;52;57;53;48;2;147;136;133m▄[38;2;55;53;53;48;2;169;150;141m▄[38;2;48;58;52;48;2;189;179;178m▄[38;2;42;78;69;48;2;117;134;128m▄[38;2;54;103;94;48;2;83;157;141m▄[48;2;89;171;155m▄▄[48;2;85;165;149m▄[0m[38;2;45;84;75m▌[0m       [0m
                            [0m
