[0m                            [0m
        [38;2;66;76;87m▄[38;2;138;164;182m▄[38;2;141;171;188m▄[38;2;102;150;153m▄[38;2;84;127;128m▄[0m               [0m
      [38;2;71;109;108m▄[38;2;162;205;219;48;2;110;132;145m▄[38;2;174;215;231;48;2;168;205;222m▄[38;2;174;214;230;48;2;174;214;230m▄[38;2;156;199;216m▄[38;2;141;183;200;48;2;153;202;218m▄[38;2;131;187;202;48;2;133;188;204m▄[38;2;135;191;207;48;2;123;176;188m▄[38;2;127;181;194;48;2;56;88;86m▄[0m[38;2;52;82;79m▄[0m            [0m
     [7m[38;2;72;74;63m▌[0m[38;2;161;153;138;48;2;145;176;187m▌[38;2;135;186;203;48;2;141;194;210m▌[38;2;135;191;207;48;2;159;205;221m▄[48;2;153;201;217m▄[38;2;147;193;210;48;2;147;183;197m▌[38;2;121;149;148;48;2;168;161;147m▌[38;2;199;157;155;48;2;138;157;155m▄[38;2;164;191;201;48;2;120;169;177m▌[38;2;129;169;187;48;2;135;191;206m▄[38;2;121;154;171;48;2;88;110;119m▌[0m[38;2;28;42;39m▌[0m           [0m
     [7m[38;2;48;38;34m▌[0m[38;2;115;98;95;48;2;133;175;188m▌[38;2;135;191;207;48;2;135;191;207m▄▄▄[48;2;133;173;184m▌[38;2;135;123;106;48;2;41;40;37m▄[38;2;95;78;62;48;2;169;169;168m▌[38;2;174;193;201;48;2;110;136;144m▌[38;2;123;141;162;48;2;127;143;167m▌[38;2;127;143;167;48;2;105;118;138m▌[0m[38;2;22;24;27m▌[0m           [0m
     [7m[38;2;49;79;74m▄[0m[38;2;75;114;114;48;2;125;178;191m▄[38;2;144;140;148;48;2;131;174;192m▄[38;2;98;123;132;48;2;117;170;179m▄[38;2;124;120;127;48;2;131;185;200m▄[38;2;148;97;87;48;2;130;184;199m▄[38;2;136;74;61;48;2;128;182;196m▄[38;2;122;66;67;48;2;125;170;186m▄[38;2;96;118;129;48;2;107;130;143m▄[38;2;90;104;118;48;2;124;141;164m▄[38;2;163;166;170;48;2;92;96;107m▄[38;2;220;190;165;48;2;90;57;38m▄[0m[38;2;130;83;40m▄[0m          [0m
   [38;2;117;158;167;48;2;40;66;59m▄[38;2;132;187;203;48;2;123;164;171m▄[38;2;124;164;175;48;2;53;87;80m▄[38;2;87;121;121;48;2;43;69;65m▄[38;2;102;139;150;48;2;125;125;133m▄[38;2;94;116;127;48;2;162;63;57m▄[38;2;101;120;118;48;2;179;114;94m▄[38;2;104;125;121;48;2;201;157;112m▄[38;2;150;143;122;48;2;162;131;105m▄[38;2;146;124;108;48;2;106;91;78m▌[38;2;80;93;104;48;2;133;157;176m▌[38;2;121;144;159;48;2;108;136;144m▌[38;2;127;173;187;48;2;132;155;155m▄[38;2;117;110;100;48;2;198;166;136m▄[38;2;150;91;30;48;2;193;128;64m▄[38;2;167;92;0;48;2;113;58;0m▄[0m[38;2;68;32;0m▌[0m        [0m
   [7m[38;2;71;98;107m▄[38;2;112;153;168m▄[0m[38;2;57;73;77;48;2;105;130;146m▄[38;2;72;83;95;48;2;112;128;148m▌[38;2;116;132;153;48;2;127;146;169m▄[38;2;117;128;148;48;2;121;102;93m▌[38;2;223;180;91;48;2;192;135;65m▄[38;2;206;148;64;48;2;199;136;52m▌[38;2;231;187;96;48;2;202;141;62m▄[38;2;202;175;105;48;2;115;119;95m▄[38;2;123;130;106;48;2;124;157;171m▄[38;2;102;125;131;48;2;126;143;166m▄[38;2;127;143;167;48;2;126;145;168m▄[38;2;123;138;161;48;2;104;112;127m▌[38;2;123;100;81;48;2;145;87;21m▄[38;2;184;110;25;48;2;182;102;0m▄[38;2;174;97;0;48;2;103;53;4m▌[0m [38;2;119;155;164m▄[38;2;147;189;204m▄[38;2;114;166;175m▄[0m    [0m
        [7m[38;2;55;42;22m▌[0m[38;2;175;130;65;48;2;233;200;113m▄[38;2;231;195;124;48;2;225;180;106m▌[38;2;228;184;110;48;2;245;219;147m▄[38;2;237;204;131;48;2;246;219;140m▄[38;2;208;152;72;48;2;238;197;98m▄[38;2;212;151;71;48;2;131;102;68m▄[38;2;210;157;82;48;2;99;102;108m▄[38;2;148;116;72;48;2;81;83;87m▄[38;2;204;203;203;48;2;237;235;235m▌[38;2;214;196;189;48;2;164;96;23m▌[38;2;153;83;1;48;2;78;48;19m▌[38;2;81;91;107;48;2;118;144;163m▌[38;2;121;160;175;48;2;134;189;205m▄[38;2;99;142;146;48;2;133;189;204m▄[38;2;99;145;149;48;2;132;185;201m▄[38;2;116;142;161;48;2;92;114;126m▌[0m[38;2;50;71;70m▄[0m  [0m
         [38;2;59;81;76;48;2;125;118;79m▌[38;2;195;159;87;48;2;233;190;107m▌[38;2;219;160;75;48;2;225;179;103m▄[38;2;230;180;92;48;2;236;201;126m▄[38;2;230;185;102;48;2;224;172;85m▌[38;2;216;158;73;48;2;203;138;52m▌[38;2;153;120;73;48;2;212;153;75m▄[38;2;109;128;129;48;2;193;148;84m▄[38;2;113;123;128;48;2;176;159;146m▄[38;2;142;144;143;48;2;201;181;173m▄[38;2;121;123;138;48;2;124;100;93m▄[38;2;127;143;167;48;2;123;138;161m▄[38;2;114;131;150;48;2;71;95;99m▌[38;2;120;137;159;48;2;125;163;180m▄[38;2;126;142;166;48;2;127;154;175m▄[38;2;116;132;154;48;2;107;121;141m▌[0m[38;2;58;65;76m▌[0m  [0m
        [38;2;68;102;101;48;2;121;165;179m▌[38;2;132;185;201;48;2;129;176;193m▌[38;2;124;145;167;48;2;130;131;119m▄[38;2;121;112;103;48;2;203;150;78m▄[38;2;141;97;41;48;2;201;134;52m▄[38;2;199;137;57;48;2;215;155;76m▄[38;2;204;145;67;48;2;123;98;57m▌[38;2;104;126;133;48;2;128;166;184m▌[38;2;134;187;203;48;2;133;181;198m▄[38;2;131;166;186;48;2;126;149;170m▌[38;2;120;135;158;48;2;88;102;117m▄[38;2;83;94;109;48;2;116;131;153m▄[38;2;115;129;151;48;2;127;143;167m▄[38;2;70;80;92;48;2;118;133;155m▄[38;2;32;49;45;48;2;72;96;99m▄[0m[7m[38;2;67;98;94m▄[38;2;26;31;34m▄[0m   [0m
        [38;2;73;105;111;48;2;28;31;36m▄[38;2;101;128;140;48;2;118;146;163m▌[38;2;123;147;168;48;2;122;137;160m▌[38;2;115;130;152;48;2;123;139;162m▄[38;2;76;100;104;48;2;35;51;42m▌[0m[7m[38;2;38;30;18m▄[38;2;27;18;10m▄[0m[38;2;54;61;71;48;2;105;120;138m▌[38;2;123;143;164;48;2;127;148;170m▌[38;2;114;139;155;48;2;127;143;167m▄[38;2;85;121;122;48;2;120;135;158m▄[38;2;45;57;62;48;2;18;22;24m▌[0m[7m[38;2;20;22;25m▄[0m       [0m
                [7m[38;2;64;94;96m▄[38;2;63;92;94m▄[38;2;62;93;94m▄[38;2;67;100;102m▄[0m        [0m
                            [0m
